50 50
37 40 6 58 96 70 63 6 99 52 93 14 23 35 18 28 83 51 2 61 6 80 33 81 65 53 52 55 98 82 37 4 56 83 69 66 37 42 60 53 0 13 96 79 82 63 49 49 51 61 
2 9 37
2 1 19
1 4 29 73
1 8 20 0
2 47 49
1 37 45 84
2 4 40
1 29 43 87
2 21 39
2 26 45
2 15 21
2 30 40
1 7 27 11
1 43 46 69
2 33 46
2 14 15
2 14 33
2 31 49
1 8 22 33
2 8 17
1 1 37 55
1 27 48 91
2 21 48
1 16 42 7
2 12 22
2 34 39
2 24 25
1 5 35 73
1 12 48 2
1 28 31 28
2 3 50
1 4 20 8
1 16 21 20
1 8 48 15
1 9 39 83
1 4 47 58
1 34 48 45
2 12 50
2 6 45
2 29 44
1 36 44 44
1 11 38 59
1 5 37 96
1 4 43 55
1 6 20 86
2 22 48
2 30 41
2 23 26
2 1 30
1 6 12 65
