720 1611
32758 32684 32575 32425 32331 32316 32310 32232 32104 32078 32003 32003 31966 31904 31801 31767 31728 31675 31661 31587 31460 31427 31411 31331 31316 31264 31209 31200 31192 31161 31138 31132 31127 31119 31102 31097 31094 31021 31002 30944 30890 30705 30702 30693 30652 30543 30489 30482 30434 30432 30428 30381 30304 30300 30119 30061 30047 30040 29991 29944 29897 29837 29777 29754 29690 29637 29624 29546 29531 29496 29467 29446 29442 29442 29420 29419 29362 29336 29249 29066 29000 28992 28917 28876 28715 28682 28503 28487 28452 28441 28401 28391 28261 28260 28243 28215 28198 28094 28016 27990 27923 27906 27779 27754 27711 27703 27685 27633 27559 27537 27520 27491 27436 27418 27386 27264 27227 27207 27172 27112 27101 27092 27073 27063 27013 27007 26834 26783 26647 26593 26534 26395 26350 26350 26278 26142 26107 26098 26096 26075 26021 26014 25977 25974 25823 25790 25723 25587 25576 25575 25540 25499 25496 25462 25450 25350 25297 25080 25045 25035 25013 25005 24969 24904 24903 24804 24740 24674 24667 24623 24610 24560 24469 24437 24148 24104 24003 23918 23911 23882 23860 23829 23801 23768 23704 23693 23669 23633 23613 23543 23536 23485 23446 23367 23320 23307 23198 23035 23010 22996 22859 22837 22813 22759 22680 22645 22633 22579 22548 22479 22429 22346 22328 22248 22164 22133 22084 22023 21950 21893 21893 21840 21830 21738 21730 21709 21703 21694 21656 21594 21588 21588 21566 21510 21432 21336 21323 21295 21260 21233 21147 21111 21096 21074 21040 20902 20816 20794 20745 20697 20678 20615 20555 20536 20494 20341 20331 20253 20228 20218 20174 20070 20058 20049 20047 20025 19953 19880 19875 19859 19792 19749 19720 19646 19607 19582 19575 19493 19479 19425 19409 19402 19365 19328 19317 19316 19308 19260 19258 19227 19181 19027 18962 18958 18872 18833 18828 18798 18780 18771 18701 18607 18584 18565 18556 18523 18490 18446 18325 18303 18241 18164 17997 17925 17884 17846 17700 17640 17547 17532 17500 17472 17469 17419 17223 17166 17076 17039 17008 17006 16965 16922 16904 16900 16899 16763 16665 16595 16579 16520 16513 16508 16507 16463 16417 16371 16332 16104 16084 16016 16008 16006 15904 15852 15788 15772 15750 15734 15701 15687 15660 15634 15629 15482 15443 15387 15308 15301 15161 15144 15119 15004 14999 14991 14990 14920 14909 14862 14812 14711 14685 14643 14617 14597 14469 14442 14317 14305 14293 14263 14263 14236 14202 14118 14115 14070 14042 13999 13964 13936 13908 13807 13717 13702 13701 13685 13670 13636 13517 13484 13455 13441 13295 13292 13094 13084 13050 13039 13029 12953 12886 12863 12859 12803 12745 12735 12689 12669 12601 12558 12506 12498 12462 12460 12388 12356 12331 12313 12114 12071 11996 11982 11916 11902 11837 11751 11717 11664 11631 11587 11548 11478 11419 11381 11360 11328 11327 11142 11141 10966 10850 10829 10780 10724 10721 10305 10171 10161 10092 10075 10062 9948 9828 9824 9814 9749 9690 9637 9613 9585 9582 9581 9528 9489 9461 9450 9278 9149 9142 9102 9096 9051 9032 9004 8875 8845 8811 8674 8601 8600 8553 8513 8503 8417 8400 8398 8349 8323 8253 8216 8207 8202 8198 8113 8093 8005 7941 7936 7798 7774 7752 7727 7717 7707 7680 7653 7648 7612 7602 7583 7468 7437 7436 7217 7193 7166 7159 7156 7093 7074 7052 6978 6956 6946 6945 6830 6827 6827 6800 6714 6689 6668 6619 6608 6465 6461 6442 6390 6346 6293 6290 6256 6234 6165 6163 6069 6058 6034 6033 6027 6002 5941 5936 5932 5911 5905 5887 5884 5854 5764 5760 5575 5520 5472 5433 5431 5421 5381 5372 5335 5311 5273 5257 5236 5204 5179 5118 5103 5100 5094 5056 5054 4953 4948 4917 4738 4703 4650 4583 4575 4572 4567 4497 4400 4382 4368 4301 4236 4230 4216 4208 4097 4037 3969 3907 3875 3859 3851 3819 3772 3747 3728 3719 3660 3614 3577 3491 3448 3440 3439 3350 3236 3227 3195 3171 3169 3160 3125 3113 3098 3050 3049 3043 3013 2995 2992 2900 2887 2885 2873 2872 2838 2817 2801 2780 2692 2620 2549 2416 2367 2313 2278 2237 2222 2167 2165 2087 2009 1948 1942 1805 1776 1770 1741 1680 1647 1625 1622 1604 1586 1529 1418 1409 1395 1343 1313 1309 1286 1273 1249 1245 1206 1170 1060 1012 842 596 563 563 520 507 467 461 421 146 126 101 71 47 38 
2 14 790
2 705 757
2 156 26817
2 628 21537
2 476 10171
2 332 28652
2 294 29691
2 65 28203
2 253 2328
2 659 30018
2 645 16313
2 344 6970
2 259 5964
2 583 23828
2 132 2043
2 324 8285
2 129 12507
2 445 29443
2 625 13927
2 309 32103
2 591 25902
2 607 23219
2 254 27848
2 493 19310
2 42 18190
2 409 30286
2 416 8075
2 5 11085
2 385 20269
2 286 23806
2 435 16448
2 678 17442
2 681 20125
2 273 24951
2 181 30751
2 272 20944
2 715 29015
2 221 10346
2 391 29313
2 454 17278
2 289 20662
2 365 20243
2 479 14179
2 639 27158
2 252 5625
2 36 8620
2 264 5606
2 487 14023
2 545 11461
2 294 25080
2 192 7889
2 492 2436
2 471 1440
2 365 7609
2 441 12046
2 450 3970
2 586 26743
2 198 5434
2 313 2601
2 655 12734
2 363 22296
2 65 12742
2 539 1236
2 288 4981
2 382 32697
2 132 3118
2 59 16229
2 674 8362
2 203 16240
2 697 839
2 333 28759
2 682 11427
2 510 13496
2 219 25194
2 295 16069
2 333 8300
2 535 25075
2 157 6131
2 194 11506
2 328 14675
2 474 24546
2 403 31682
2 45 4804
2 218 22378
2 239 8238
2 39 9661
2 170 10307
2 373 23561
2 692 16355
2 261 21580
2 240 8223
2 17 6217
2 182 27120
2 352 25307
2 119 21032
2 233 19338
2 28 18856
2 171 20572
2 239 30164
2 444 12781
2 540 3396
2 368 21954
2 201 27836
2 605 8923
2 324 30815
2 60 3207
2 140 7455
2 147 16253
2 162 1656
2 225 9511
2 657 23646
2 393 12609
2 380 7540
2 211 11683
2 535 27006
2 543 30811
2 698 20505
2 316 26623
2 145 30634
2 392 19010
2 38 12436
2 344 12484
2 147 18606
2 154 47
2 227 13044
2 697 30079
2 169 22396
2 226 5537
2 339 8108
2 468 15168
2 271 4779
2 541 14044
2 639 5653
2 195 13596
2 234 9971
2 623 24421
2 67 7914
2 641 27307
2 590 22962
2 640 2183
2 143 20170
2 64 28298
2 421 29546
2 298 26578
2 520 30906
2 422 9434
2 399 14913
2 172 15766
2 293 28832
2 236 6592
2 156 31872
2 90 13165
2 658 24009
2 30 26595
2 532 11028
2 107 19118
2 720 7524
2 478 12017
2 95 1040
2 537 23291
2 435 13572
2 177 6682
2 237 19754
2 677 8372
2 659 21794
2 208 30355
2 128 7737
2 577 23425
2 236 27545
2 361 23061
2 253 15293
2 388 31948
2 606 17960
2 395 22875
2 575 343
2 585 26180
2 653 17652
2 109 20136
2 355 23628
2 144 14428
2 561 7427
2 487 12351
2 541 22022
2 683 12490
2 456 10946
2 152 30440
2 610 11924
2 146 6408
2 591 21632
2 687 5233
2 172 1829
2 160 17622
2 317 31984
2 465 31275
2 409 7313
2 356 8375
2 600 1451
2 281 12137
2 139 4560
2 162 20591
2 78 25004
2 692 30725
2 74 19072
2 655 23947
2 397 14291
2 321 2779
2 606 21860
2 520 30169
2 331 5474
2 327 22604
2 229 26335
2 619 14828
2 655 12419
2 126 24763
2 3 25469
2 300 7065
2 374 15039
2 644 6931
2 525 31339
2 17 19581
2 431 17288
2 330 27456
2 157 20474
2 87 15476
2 528 10929
2 485 10418
2 513 14368
2 715 10275
2 607 8945
2 462 13533
2 316 247
2 658 14192
2 89 17508
2 386 8635
2 83 19772
2 17 11269
2 14 12041
2 562 26697
2 530 32465
2 262 8144
2 371 15685
2 532 12037
2 357 12603
2 125 21382
2 302 18014
2 192 8311
2 334 17444
2 155 3355
2 478 28929
2 180 20901
2 229 30171
2 7 1611
2 625 5565
2 401 14493
2 340 3535
2 380 27413
2 364 12678
2 683 13039
2 87 5912
2 569 26682
2 678 26675
2 621 7216
2 562 10990
2 305 18883
2 605 5888
2 195 29816
2 139 19247
2 475 10616
2 112 30476
2 222 5861
2 187 19678
2 547 11626
2 323 20444
2 692 22
2 209 21151
2 247 22122
2 479 14806
2 93 9392
2 239 22332
2 554 24207
2 623 28871
2 135 22493
2 571 18466
2 213 10164
2 292 13918
2 643 16840
2 463 12261
2 593 14839
2 17 17583
2 213 26146
2 666 28856
2 686 21052
2 607 20657
2 440 15008
2 205 3829
2 48 168
2 667 7360
2 328 19835
2 303 2971
2 604 22310
2 83 6939
2 22 31727
2 313 20171
2 79 10213
2 653 8295
2 248 14524
2 139 8779
2 232 21464
2 528 9770
2 518 25256
2 405 15363
2 185 10549
2 153 7505
2 621 11003
2 62 22659
2 570 20983
2 551 20651
2 592 3073
2 465 25978
2 85 21084
2 560 22380
2 595 20364
2 714 15424
2 219 5991
2 394 6059
2 510 9583
2 222 27725
2 270 5471
2 258 22756
2 80 18948
2 416 5568
2 581 30286
2 600 26231
2 505 15527
2 29 21465
2 315 22659
2 192 16934
2 254 1593
2 689 14207
2 592 7441
2 355 26267
2 153 3998
2 640 20923
2 70 17998
2 381 6624
2 503 2111
2 638 20027
2 453 26196
2 541 20453
2 345 23689
2 439 7632
2 552 7555
2 23 7422
2 275 15468
2 680 12528
2 671 10493
2 197 14434
2 511 12764
2 659 16949
2 475 297
2 594 3757
2 379 18259
2 527 12508
2 436 2097
2 686 25694
2 231 15950
2 70 27463
2 326 18564
2 493 2138
2 168 21964
2 406 27004
2 575 17236
2 39 5736
2 40 8402
2 544 14243
2 691 20249
2 633 18867
2 244 27881
2 76 4236
2 505 1548
2 275 24395
2 540 14494
2 691 2086
2 283 17581
2 585 2211
2 407 14850
2 467 17929
2 490 14397
2 2 28180
2 684 29992
2 702 20461
2 343 32069
2 555 16729
2 169 25257
2 507 25649
2 347 19981
2 661 24594
2 464 9763
2 644 25685
2 464 16678
2 19 1602
2 310 21685
2 551 20352
2 326 6113
2 189 4304
2 322 19333
2 278 19708
2 207 7382
2 63 20489
2 500 5690
2 326 18100
2 467 4702
2 331 27165
2 539 25986
2 243 5053
2 253 12568
2 627 19869
2 157 5518
2 155 13002
2 76 13928
2 688 13316
2 340 17553
2 398 5302
2 435 755
2 286 13355
2 379 31045
2 21 30462
2 345 18724
2 269 25810
2 485 22886
2 328 20036
2 553 19371
2 305 3870
2 486 28724
2 38 16589
2 532 11257
2 515 28950
2 584 1269
2 176 12548
2 170 18629
2 527 4133
2 663 369
2 606 22518
2 629 11402
2 20 7067
2 629 26741
2 106 28627
2 542 3078
2 518 24364
2 312 23633
2 384 28275
2 405 21692
2 447 17775
2 71 13657
2 356 20431
2 78 19315
2 106 27232
2 672 10343
2 379 28803
2 254 15029
2 183 15839
2 117 32087
2 33 30803
2 210 12626
2 570 13870
2 682 21898
2 130 21667
2 633 20698
2 555 4727
2 249 612
2 33 17149
2 533 11302
2 103 11588
2 318 27599
2 692 27535
2 14 13776
2 270 24325
2 171 1717
2 21 2986
2 334 16054
2 451 28814
2 37 23433
2 514 12357
2 438 1147
2 528 7574
2 293 7359
2 287 119
2 568 20486
2 159 10042
2 168 19792
2 543 6145
2 443 9217
2 513 30327
2 448 30519
2 143 29122
2 698 31579
2 523 20147
2 689 29174
2 91 25152
2 581 6086
2 36 4149
2 356 14610
2 182 8742
2 702 24634
2 633 2728
2 296 21138
2 182 26817
2 702 20336
2 393 24476
2 156 17796
2 645 5761
2 430 29288
2 57 29957
2 502 8312
2 450 28542
2 430 30436
2 545 30650
2 143 4100
2 62 26097
2 129 18923
2 61 28151
2 340 1342
2 16 29878
2 31 17991
2 125 23004
2 566 27717
2 498 2513
2 561 29446
2 102 27628
2 491 29368
2 113 230
2 537 20989
2 639 17807
2 684 24125
2 416 11711
2 263 15936
2 196 19344
2 533 29436
2 278 30410
2 277 23211
2 246 2207
2 328 27169
2 283 32665
2 13 4189
2 265 8144
2 138 30814
2 639 25440
2 429 7480
2 676 20250
2 35 25702
2 116 32634
2 74 12898
2 293 473
2 658 11635
2 639 19940
2 474 8902
2 571 29517
2 488 16833
2 394 20417
2 328 8596
2 122 24857
2 249 17681
2 181 2004
2 99 4285
2 650 19909
2 462 26407
2 352 1289
2 416 24440
2 648 21308
2 53 19020
2 211 31980
2 100 30912
2 564 1358
2 223 31180
2 662 30256
2 235 16852
2 705 25647
2 97 28793
2 634 810
2 324 10421
2 536 24311
2 547 12071
2 686 3156
2 66 17067
2 470 26144
2 84 25390
2 106 10955
2 156 31425
2 9 3595
2 389 7403
2 392 4816
2 717 20548
2 135 16763
2 297 5695
2 118 3658
2 150 9544
2 311 1047
2 556 2319
2 133 1859
2 39 7459
2 54 17645
2 601 5570
2 125 8807
2 282 2800
2 131 16618
2 305 14790
2 103 27016
2 648 28685
2 131 30051
2 635 22027
2 513 1565
2 513 2717
2 654 8847
2 655 17798
2 46 3006
2 329 29703
2 16 24074
2 618 944
2 259 21161
2 181 20341
2 697 13652
2 269 25348
2 507 25152
2 450 2134
2 605 24656
2 77 21380
2 276 27529
2 639 8413
2 69 966
2 197 14645
2 112 21421
2 686 4223
2 268 993
2 127 21151
2 676 20089
2 375 12921
2 403 26290
2 479 12110
2 684 2272
2 245 17480
2 718 18091
2 377 13907
2 550 25463
2 534 29743
2 293 21796
2 229 15555
2 227 15608
2 175 32693
2 691 27865
2 114 11319
2 249 19648
2 374 25124
2 74 13418
2 672 14667
2 227 3409
2 247 4875
2 365 20698
2 293 10784
2 111 14032
2 655 21692
2 532 10257
2 249 11481
2 63 18823
2 500 4814
2 444 13146
2 10 15905
2 201 10340
2 491 20637
2 165 25062
2 120 8100
2 711 17273
2 368 10182
2 482 2887
2 650 24210
2 104 21114
2 82 22187
2 349 29173
2 23 27167
2 573 8002
2 181 24309
2 112 21964
2 590 14853
2 476 24655
2 398 13325
2 412 5772
2 159 1280
2 289 9025
2 266 31137
2 230 26200
2 15 1873
2 712 18271
2 151 21029
2 709 3128
2 296 22844
2 340 2066
2 345 15696
2 630 13976
2 359 21898
2 459 5991
2 199 1691
2 168 24006
2 220 4104
2 487 18577
2 379 17349
2 160 13943
2 94 23558
2 519 19046
2 470 25426
2 70 13378
2 628 25305
2 620 29149
2 26 19207
2 54 7204
2 621 19033
2 77 5270
2 77 1648
2 208 9979
2 361 27492
2 163 29522
2 157 1370
2 120 13323
2 317 6233
2 78 13430
2 358 27225
2 471 2940
2 131 29597
2 718 28301
2 510 26947
2 712 12505
2 39 22042
2 490 17091
2 666 13747
2 604 17810
2 156 17851
2 109 1898
2 182 391
2 295 31612
2 389 31729
2 452 633
2 673 2915
2 352 5964
2 300 31793
2 65 13320
2 638 15660
2 645 799
2 415 14964
2 171 12502
2 148 23181
2 309 28917
2 190 20917
2 235 3267
2 431 16245
2 500 3377
2 270 19063
2 369 21846
2 173 11927
2 634 16667
2 57 28988
2 461 7224
2 49 12265
2 372 1375
2 587 15631
2 615 4534
2 388 32550
2 82 17547
2 551 17915
2 231 12100
2 575 2636
2 535 19860
2 528 19346
2 525 29173
2 579 30
2 460 22098
2 704 19303
2 235 9475
2 257 28323
2 61 3583
2 4 10132
2 262 15437
2 82 29093
2 651 16316
2 190 23861
2 697 16084
2 368 28979
2 200 1292
2 210 19179
2 689 16702
2 90 28703
2 366 2135
2 218 1882
2 82 28755
2 340 27265
2 569 22377
2 514 18347
2 240 11138
2 181 17458
2 600 17904
2 429 22027
2 599 12125
2 376 18258
2 352 24577
2 398 6185
2 100 20505
2 236 12995
2 553 27796
2 79 9660
2 474 17423
2 180 22700
2 239 3
2 653 28411
2 398 32317
2 615 19703
2 274 7823
2 362 29475
2 139 6342
2 144 9170
2 38 28379
2 298 1781
2 319 20334
2 95 16434
2 100 31855
2 214 11062
2 268 2591
2 439 12875
2 631 2615
2 285 29485
2 39 30566
2 334 9753
2 32 29953
2 46 31528
2 428 14071
2 32 25051
2 467 9731
2 79 28407
2 537 5157
2 252 21651
2 263 5458
2 457 8303
2 303 20587
2 438 13447
2 58 23660
2 249 11752
2 436 32230
2 499 11715
2 203 22703
2 529 14528
2 195 27095
2 464 8340
2 654 24031
2 517 11222
2 138 5926
2 683 28686
2 459 30884
2 174 4624
2 107 18650
2 648 24712
2 431 16649
2 202 31957
2 140 7331
2 222 1563
2 393 15615
2 586 31379
2 535 13648
2 520 17190
2 351 21208
2 163 7483
2 106 30041
2 324 22221
2 471 19405
2 78 4288
2 136 18774
2 535 31605
2 30 26232
2 424 16796
2 55 646
2 471 5449
2 196 31066
2 339 4938
2 528 16713
2 415 28857
2 350 9559
2 675 9933
2 514 28582
2 383 4341
2 67 6197
2 65 12584
2 287 19399
2 9 3702
2 16 24352
2 11 25060
2 141 631
2 501 1398
2 628 18729
2 162 22925
2 502 22955
2 478 5235
2 372 22978
2 11 12341
2 521 27382
2 691 27313
2 87 19268
2 623 3055
2 599 28179
2 135 26293
2 107 8553
2 123 18261
2 551 4959
2 1 17610
2 191 19410
2 688 10243
2 610 28252
2 717 23935
2 120 22658
2 372 9498
2 183 28719
2 73 29735
2 268 13922
2 15 15806
2 233 29219
2 633 5463
2 714 1979
2 15 24472
2 524 20516
2 548 1388
2 591 1215
2 293 23893
2 75 4933
2 532 16131
2 354 28160
2 230 29989
2 69 11323
2 681 383
2 713 3831
2 698 26429
2 299 15839
2 551 28551
2 82 20606
2 640 7253
2 180 30640
2 547 15749
2 668 23382
2 137 23595
2 458 78
2 91 28712
2 411 19107
2 504 5118
2 218 28672
2 427 10978
2 55 28267
2 345 11539
2 647 23343
2 120 3691
2 45 7706
2 327 29491
2 168 27881
2 281 10044
2 668 6913
2 547 2859
2 613 4448
2 41 27669
2 314 722
2 180 31052
2 94 12392
2 183 19576
2 173 21030
2 514 14313
2 213 30716
2 6 20267
2 274 30456
2 185 24027
2 239 14009
2 493 16570
2 489 29479
2 317 21760
2 278 18017
2 343 29171
2 439 3831
2 320 8375
2 74 1626
2 532 1640
2 403 7056
2 477 13414
2 603 26156
2 583 21232
2 409 17790
2 513 23029
2 641 7
2 534 19494
2 714 30511
2 653 10320
2 437 17211
2 701 1257
2 74 19321
2 453 2537
2 325 11965
2 331 15579
2 433 4113
2 132 21299
2 387 7081
2 516 32482
2 459 22549
2 54 26920
2 39 6074
2 573 20393
2 136 7811
2 140 30660
2 88 20436
2 547 27680
2 652 30912
2 347 14471
2 119 2683
2 341 6136
2 304 22802
2 717 18679
2 437 12889
2 341 31784
2 415 24869
2 335 4380
2 103 28860
2 138 5483
2 394 17546
2 513 14851
2 553 22550
2 81 12991
2 356 15156
2 42 13372
2 313 7803
2 647 1000
2 39 1017
2 497 20059
2 7 26662
2 321 14315
2 605 30487
2 629 23418
2 172 8692
2 629 11155
2 264 10412
2 150 27062
2 80 27623
2 334 10223
2 603 6973
2 201 2221
2 513 5029
2 364 12498
2 14 560
2 136 8199
2 659 7927
2 66 25426
2 654 5201
2 448 21994
2 107 26186
2 294 25674
2 283 28241
2 225 1412
2 707 16177
2 244 24280
2 280 1347
2 290 17797
2 490 14049
2 107 4831
2 238 10525
2 570 32418
2 561 23731
2 718 29574
2 505 5949
2 312 4627
2 318 7334
2 676 21943
2 633 7393
2 716 4118
2 284 10715
2 249 11937
2 403 18862
2 43 32362
2 185 30999
2 571 25142
2 334 12842
2 479 11988
2 167 19268
2 606 8622
2 102 16962
2 244 9630
2 268 18416
2 184 23043
2 44 8132
2 61 4115
2 466 10189
2 182 12915
2 196 7398
2 173 19205
2 56 28463
2 389 6913
2 294 15038
2 222 31047
2 495 14481
2 298 27379
2 462 15303
2 206 10802
2 334 3856
2 538 3925
2 476 18019
2 573 4132
2 174 22767
2 274 18805
2 676 5971
2 208 18173
2 382 21009
2 401 32101
2 79 17472
2 80 10912
2 192 5762
2 89 4221
2 72 3638
2 380 15736
2 698 15599
2 642 22486
2 256 17444
2 115 7921
2 663 297
2 519 5840
2 314 13661
2 667 4602
2 531 32422
2 103 3468
2 368 13338
2 590 5002
2 595 31487
2 357 6003
2 636 10230
2 519 280
2 266 16499
2 232 22957
2 256 12400
2 441 20257
2 485 2147
2 587 427
2 95 22381
2 504 20390
2 32 30164
2 526 5022
2 33 21427
2 717 2219
2 702 8176
2 468 18685
2 611 23407
2 615 6841
2 630 11397
2 515 32516
2 228 1712
2 661 14172
2 512 31365
2 616 13615
2 265 16873
2 397 10150
2 28 23684
2 224 7106
2 90 20595
2 440 25259
2 28 25405
2 223 12869
2 259 24329
2 195 13315
2 692 14350
2 669 30208
2 645 9802
2 512 29260
2 705 1911
2 84 8323
2 2 7483
2 547 17829
2 384 31647
2 19 30241
2 468 15298
2 710 32307
2 418 18127
2 590 9328
2 519 19756
2 149 31392
2 207 15860
2 268 12491
2 522 21160
2 706 7831
2 111 801
2 7 30417
2 610 30153
2 338 22857
2 66 16395
2 80 14051
2 710 2824
2 558 15339
2 298 28812
2 89 13481
2 196 9280
2 163 8245
2 572 15649
2 425 25997
2 315 13104
2 419 24293
2 483 25963
2 27 12094
2 143 15357
2 498 5690
2 716 15026
2 655 13871
2 361 6061
2 377 122
2 395 10845
2 583 15382
2 212 18093
2 550 23149
2 100 22651
2 171 3693
2 97 21324
2 522 23007
2 483 19006
2 230 1268
2 259 17470
2 554 13345
2 550 8314
2 279 4141
2 404 7961
2 79 13449
2 205 25130
2 370 22495
2 46 31451
2 438 25325
2 496 22252
2 412 27028
2 659 8803
2 352 14892
2 25 29056
2 50 30491
2 437 18163
2 323 28326
2 486 19021
2 418 9479
2 703 17077
2 216 17599
2 73 10716
2 32 26925
2 266 27443
2 667 30560
2 72 9051
2 338 31018
2 601 29660
2 206 11893
2 637 16155
2 453 18650
2 494 24710
2 581 1392
2 502 13586
2 502 6370
2 418 2023
2 139 8645
2 534 14169
2 202 5416
2 689 9755
2 156 22892
2 146 19631
2 647 854
2 699 32545
2 666 26978
2 421 15093
2 312 346
2 613 4446
2 568 15400
2 45 433
2 364 21481
2 118 22552
2 546 16450
2 124 25739
2 152 17655
2 394 7676
2 259 20153
2 72 1490
2 688 4672
2 258 24473
2 28 8602
2 523 4344
2 34 27587
2 242 15843
2 484 23157
2 164 29969
2 284 577
2 18 177
2 243 6367
2 84 12121
2 689 9667
2 621 10559
2 54 8432
2 449 9643
2 600 29713
2 389 5292
2 110 4550
2 87 4363
2 461 5948
2 238 11901
2 465 11264
2 290 30748
2 622 5141
2 670 13080
2 71 10308
2 5 14762
2 159 10419
2 451 586
2 334 7609
2 598 10018
2 246 15089
2 13 450
2 438 30861
2 591 12053
2 687 22253
2 399 3988
2 518 113
2 367 6073
2 393 15755
2 451 1207
2 70 28440
2 375 18792
2 248 752
2 371 18311
2 338 5819
2 382 10527
2 641 15623
2 209 28227
2 478 6296
2 461 768
2 289 16895
2 127 29072
2 556 11119
2 147 1232
2 103 30411
2 264 28405
2 535 29187
2 403 18554
2 549 11681
2 501 31580
2 652 24991
2 529 28298
2 19 5244
2 601 1431
2 268 14479
2 424 18611
2 683 13210
2 630 18649
2 27 1186
2 279 5194
2 350 31742
2 629 20281
2 580 14767
2 191 17608
2 366 26095
2 242 1075
2 674 22540
2 151 24139
2 258 8055
2 445 22311
2 152 8984
2 681 24598
2 517 19173
2 203 28119
2 443 26547
2 146 16141
2 375 19788
2 611 26349
2 643 21185
2 22 28730
2 538 11522
2 417 11379
2 62 22443
2 697 843
2 102 33
2 438 22105
2 332 9950
2 487 19729
2 647 27401
2 390 7411
2 339 13386
2 717 8706
2 218 11996
2 344 23416
2 13 19940
2 333 8376
2 531 18433
2 26 8836
2 182 16932
2 174 3184
2 521 7330
2 155 23190
2 222 5767
2 26 14220
2 232 15150
2 191 30355
2 301 19982
2 638 32273
2 702 10455
2 687 13890
2 714 16318
2 286 20522
2 255 16404
2 246 30926
2 482 32030
2 350 19619
2 66 7969
2 276 8007
2 184 18620
2 714 27503
2 657 9850
2 47 32545
2 447 7336
2 143 14371
2 589 1892
2 669 25779
2 33 16631
2 672 7288
2 423 25189
2 411 9657
2 332 29250
2 306 15053
2 568 30150
2 714 17362
2 144 6180
2 160 22690
2 506 23576
2 13 7939
2 98 3007
2 8 22814
2 141 23212
2 44 14387
2 524 28216
2 267 18314
2 371 16409
2 580 941
2 410 3895
2 337 29140
2 4 21179
2 324 19361
2 639 25448
2 483 4877
2 251 20270
2 513 8867
2 606 2812
2 447 3564
2 87 30423
2 691 26154
2 689 26665
2 200 14152
2 251 11867
2 86 20754
2 246 17829
2 580 12450
2 30 11301
2 442 7706
2 284 3375
2 716 21145
2 76 14053
2 500 14951
2 715 3591
2 46 10099
2 115 29708
2 187 2048
2 377 21361
2 302 30107
2 646 18001
2 43 12368
2 678 2870
2 241 23069
2 574 15407
2 245 1703
2 513 31778
2 81 29484
2 596 3684
2 717 31417
2 512 3207
2 93 6813
2 24 11891
2 394 6941
2 412 22712
2 598 12393
2 414 25891
2 106 10191
2 307 22928
2 146 29999
2 203 254
2 348 13487
2 468 6889
2 476 29871
2 364 5332
2 468 23552
2 342 549
2 578 80
2 32 17973
2 650 233
2 66 9384
2 182 14748
2 665 11258
2 651 8695
2 500 11867
2 206 11455
2 431 15549
2 263 15258
2 270 22571
2 357 31499
2 156 19804
2 481 15011
2 70 28296
2 247 5494
2 97 8058
2 659 32461
2 691 26599
2 488 1818
2 48 32766
2 599 27953
2 3 2880
2 494 20404
2 720 30098
2 207 4815
2 327 9872
2 162 20006
2 108 32549
2 397 22284
2 565 21848
2 515 15094
2 244 25193
2 444 15919
2 630 22301
2 244 13005
2 555 2646
2 309 15331
2 710 30182
2 169 20728
2 583 30117
2 42 5560
2 551 31938
2 141 23018
2 84 13654
2 544 21922
2 62 15935
2 95 30136
2 561 31531
2 29 19576
2 660 10995
2 480 31387
2 273 14379
2 110 9335
2 438 30711
2 23 18290
2 700 19231
2 675 956
2 406 21862
2 702 11838
2 11 16152
2 544 16077
2 648 13539
2 386 28324
2 160 6631
2 526 6929
2 389 8208
2 630 16494
2 268 15012
2 328 8531
2 523 7960
2 273 28170
2 406 18472
2 143 67
2 347 12071
2 267 32521
2 635 12179
2 359 32501
2 10 18668
2 84 29346
2 376 12998
2 120 32608
2 385 30494
2 637 2605
2 578 1770
2 557 4321
2 381 31987
2 237 9128
2 527 743
2 72 4789
2 719 3242
2 670 9269
2 250 24046
2 300 26242
2 397 3587
2 206 29338
2 114 32240
2 257 13007
2 32 29890
2 606 448
2 636 22052
2 36 13703
2 420 10032
2 470 27444
2 189 21893
2 613 9851
2 666 29850
2 670 6569
2 465 25938
2 663 10716
2 361 7120
2 486 884
2 151 30604
2 548 21189
2 441 24998
2 112 29966
2 290 9595
2 486 13743
2 567 14199
2 625 27542
