28489 4563
3 0 28021 15125 
4 0 6413 23351 
5 1 22958 
1 2 9840 7857 
4 3 4166 15710 
3 2 25763 4115 
2 0 16457 
5 5 13569 
4 2 5627 15634 
4 8 23584 2358 
1 4 24847 13338 
5 8 19383 
5 1 17433 
5 5 14527 
5 2 27530 
4 5 26136 11044 
4 1 16944 1220 
2 1 7775 
5 3 3143 
1 8 15713 6106 
1 18 313 2670 
3 5 16868 1367 
5 12 18509 
2 1 19504 
4 20 14288 1717 
1 17 3131 2856 
1 16 11590 13569 
1 4 3962 109 
5 8 3281 
1 21 22327 81 
2 11 3119 
4 1 23746 6216 
4 9 1651 16463 
2 21 17211 
4 28 396 24032 
4 25 23983 2125 
4 28 11619 1815 
5 37 3697 
5 23 3880 
5 36 2735 
2 25 22694 
3 35 15750 11230 
4 4 2125 2359 
3 40 992 1236 
2 42 25698 
2 1 27482 
1 40 11883 25226 
1 41 18081 39 
5 10 5126 
1 21 21119 21930 
3 1 26094 28193 
5 38 1772 
2 34 25659 
2 12 17380 
2 49 22358 
2 3 22651 
2 36 17341 
3 18 16188 16819 
4 27 12262 19607 
5 50 1965 
3 3 22044 23809 
5 23 2440 
4 43 24978 3129 
4 53 1205 4292 
1 46 34 6045 
1 23 2652 1007 
3 39 14849 2781 
4 47 7733 1569 
1 9 11774 6490 
4 13 3156 1805 
5 53 12506 
5 44 1246 
2 55 17680 
2 47 22930 
4 52 5465 888 
2 64 24318 
1 14 4162 8482 
1 58 875 16909 
5 29 4281 
4 42 22168 2160 
1 63 26435 3708 
1 27 15201 5624 
2 35 1432 
2 65 18491 
3 77 231 24565 
2 72 1061 
3 78 3857 26155 
1 48 16884 19856 
3 25 17378 4784 
2 85 10398 
2 0 24542 
2 74 7872 
4 12 19207 18665 
5 64 14278 
2 28 2768 
5 84 7397 
4 16 21424 14799 
3 57 3681 13002 
5 55 13925 
3 67 788 12632 
2 40 3558 
3 5 5756 21520 
1 20 8776 4002 
1 14 20752 2189 
2 80 629 
4 13 25040 6513 
4 18 511 6819 
1 55 3509 1255 
2 66 27264 
1 75 26535 20616 
1 40 4007 15937 
4 51 21804 3625 
3 76 151 4981 
5 25 17958 
2 7 8099 
1 83 14987 23569 
5 6 1375 
2 54 3820 
5 27 5443 
3 107 7727 22662 
2 32 5747 
1 67 19273 102 
2 27 1214 
2 52 16829 
5 39 9515 
3 119 2122 7962 
3 70 5148 15910 
1 43 20431 3132 
3 115 1621 25328 
3 15 8567 4252 
3 91 20761 19308 
5 99 14272 
1 4 17305 16465 
1 50 1896 284 
2 111 17595 
4 20 27211 6555 
5 96 27491 
2 54 10830 
5 122 1432 
5 32 27524 
3 16 1365 24655 
3 78 882 3490 
2 101 19745 
2 78 15444 
4 114 23071 2476 
1 74 9045 24988 
1 30 17526 3590 
2 46 4831 
2 13 24647 
1 63 2168 23068 
4 122 12459 17272 
1 4 2149 1804 
2 33 6016 
4 69 5494 26070 
1 3 1015 5159 
1 60 20866 18692 
5 113 21461 
1 119 14110 2330 
2 14 19716 
5 141 11111 
3 119 12035 2642 
3 125 14817 1329 
5 136 2010 
5 159 24875 
2 17 3743 
3 14 6012 11517 
3 139 4829 1234 
2 26 17229 
1 141 25155 3297 
3 165 21700 11960 
3 142 10053 2444 
2 43 18195 
1 91 20035 11939 
1 123 2585 9848 
1 125 17645 3399 
4 91 20371 27482 
2 5 3321 
5 147 27362 
5 62 3852 
4 24 13814 15683 
2 63 256 
2 76 370 
1 68 28396 22679 
3 135 15 26030 
4 90 27380 8999 
3 108 785 7250 
2 150 1242 
4 166 21785 10330 
2 125 383 
2 20 9283 
2 45 26015 
1 174 23192 3374 
5 191 26505 
4 183 3267 3370 
1 37 18925 14240 
2 40 2262 
4 7 863 9133 
3 71 1297 3103 
4 146 22475 11120 
2 81 10624 
3 31 20113 18538 
3 4 27423 3083 
4 2 10317 5594 
5 200 10546 
4 133 7894 2487 
3 145 2297 21908 
4 188 24080 27515 
5 10 10643 
3 70 25826 7150 
5 90 13943 
1 83 15227 24968 
4 147 24428 9614 
2 172 10511 
4 119 13550 12524 
3 94 21599 14157 
3 128 18971 13472 
5 139 297 
3 16 10407 18776 
4 3 21013 2352 
5 110 17668 
1 196 10983 22621 
2 209 3803 
4 97 20710 214 
5 174 14000 
5 71 27013 
3 126 3932 9822 
3 225 9076 25996 
5 150 10003 
1 190 27278 25004 
4 113 3804 18864 
4 135 14207 14421 
2 202 25912 
5 194 272 
3 76 26655 15625 
1 216 12057 1802 
4 97 21547 10182 
2 117 20258 
1 71 16754 25079 
2 27 8347 
2 122 10990 
1 204 553 12466 
3 16 2410 11911 
2 46 16905 
3 126 24130 5818 
3 5 16541 12058 
2 237 25427 
1 10 918 28447 
3 18 1756 1720 
4 88 22739 19438 
4 126 2683 22471 
5 122 16118 
3 228 17124 2544 
5 175 4479 
5 190 28413 
2 248 3123 
3 207 14458 3506 
2 174 22358 
4 66 9930 5815 
3 254 9100 26871 
4 119 10436 987 
5 110 6097 
3 246 906 20439 
5 53 11574 
5 154 19884 
1 23 2251 18420 
1 50 17718 17205 
3 206 20755 11881 
4 151 827 15538 
2 156 570 
1 27 25240 2986 
4 15 17669 8768 
2 94 28102 
1 186 23819 20981 
4 16 2623 10953 
3 144 523 5041 
1 164 23245 20132 
2 29 1413 
2 181 1523 
3 39 18313 16723 
5 241 14768 
5 78 2752 
1 100 19674 7087 
5 40 14775 
2 184 9426 
2 266 3411 
3 204 34 755 
3 165 8433 574 
1 214 1288 3994 
2 237 16518 
1 229 956 3711 
2 35 15353 
2 171 20382 
4 111 12611 24587 
3 70 14920 23294 
1 170 10725 18303 
2 202 1926 
3 179 4756 2239 
3 173 26408 1330 
5 116 2513 
3 28 3760 4671 
5 81 3890 
4 214 21015 11797 
3 260 18835 16038 
1 166 2363 22835 
2 242 26778 
3 114 3767 22668 
4 116 24296 16626 
4 114 21862 26282 
2 96 10151 
5 211 12282 
5 137 26247 
2 202 16135 
2 190 27491 
2 291 15015 
5 290 3123 
2 211 965 
2 195 696 
4 26 17319 3864 
2 135 2897 
3 45 1008 6984 
1 271 25939 19764 
3 39 1829 13157 
5 168 9922 
1 321 15124 24437 
4 205 917 27385 
2 92 1219 
5 116 14626 
3 298 14127 1098 
3 169 18611 10278 
2 33 27940 
3 229 21305 1689 
1 19 12419 19244 
2 164 27133 
2 254 739 
2 134 16550 
3 296 27852 22961 
2 28 220 
3 90 3816 14309 
1 229 7959 2455 
1 36 4023 23215 
1 105 18592 7454 
1 12 24722 14884 
3 49 24825 12133 
2 190 2335 
1 254 3632 12287 
2 9 1171 
2 18 21267 
4 188 19124 8732 
5 231 5747 
4 130 16737 16484 
3 220 19451 26648 
4 183 13526 23335 
3 180 21501 2687 
1 353 740 27131 
3 311 9270 28216 
3 354 1626 7332 
5 265 9885 
2 68 2105 
4 126 15385 4915 
5 53 12520 
3 264 22351 20548 
5 169 50 
4 253 1514 1323 
2 240 23317 
1 132 13185 25448 
4 63 22220 26116 
2 1 9299 
4 141 3530 1645 
5 174 21895 
3 363 1725 3406 
1 3 25088 17039 
1 271 25108 23940 
2 114 2945 
2 268 17207 
4 123 5049 3133 
5 108 22543 
1 133 14165 24409 
4 128 12090 11650 
2 118 11525 
5 51 12946 
2 55 18229 
3 332 7370 22135 
1 356 1267 25175 
1 57 12998 23275 
5 319 15520 
1 195 11586 24670 
2 242 7432 
3 315 14271 975 
1 99 2374 341 
3 243 431 2944 
2 42 7425 
2 10 8721 
4 36 20826 19450 
1 34 8173 3917 
1 244 12259 26842 
2 269 3052 
4 223 5208 2047 
5 111 6826 
1 368 16049 11328 
3 235 7929 1409 
5 160 5153 
3 349 27260 7196 
1 242 23317 14521 
4 389 10664 14452 
4 268 27342 402 
1 201 27759 4973 
1 176 483 12812 
5 232 23383 
2 114 11394 
3 171 10300 1901 
1 299 1734 20059 
2 74 863 
5 239 532 
4 224 13540 26985 
1 221 14069 2461 
4 30 5351 17127 
2 231 7588 
3 129 22960 7594 
3 354 11343 17145 
5 337 26956 
3 95 14191 20875 
5 188 26098 
2 419 1399 
1 91 993 14296 
4 63 15220 7275 
4 116 12009 4514 
2 413 15516 
1 341 16143 22660 
2 138 8857 
5 234 6975 
5 43 16639 
4 281 23577 20924 
3 336 21756 14536 
3 304 1488 11711 
2 202 13807 
4 51 19323 3727 
2 326 16478 
4 214 24686 3298 
2 309 19107 
3 24 3484 14299 
5 152 830 
3 137 14 11027 
5 108 6211 
5 193 8933 
1 267 25262 17895 
2 180 9490 
1 345 2919 23014 
4 20 6885 9760 
5 99 14641 
1 302 3045 3401 
1 255 11999 12641 
5 358 11031 
5 259 16153 
4 121 17704 1861 
3 237 12549 18505 
2 149 12567 
5 444 18514 
5 282 20002 
1 79 20311 27575 
4 240 12008 24374 
5 42 1690 
1 147 12591 7514 
1 425 28418 4694 
5 136 19232 
2 120 4101 
5 353 11102 
2 353 7927 
3 152 3644 968 
2 437 4175 
4 397 6312 16261 
5 233 7255 
3 14 28463 1881 
3 371 2757 27587 
4 432 4212 26171 
1 360 27804 16745 
2 230 15495 
1 204 1591 13214 
2 360 3119 
4 156 8489 26487 
4 341 19274 26018 
1 161 16626 4846 
3 469 23534 2874 
2 436 10578 
4 109 4964 1140 
3 391 2664 17118 
5 38 17170 
1 51 20278 21470 
4 416 7108 845 
2 385 23716 
1 120 5517 10536 
2 94 24756 
1 49 3183 24039 
1 308 109 17432 
3 472 1636 21678 
4 471 1390 4917 
2 181 19319 
1 96 767 8542 
5 195 1320 
5 140 1032 
5 341 8013 
2 156 12800 
1 284 182 7929 
3 346 24044 28013 
2 43 4228 
1 400 4650 2114 
1 436 19369 21624 
5 31 948 
2 337 2223 
4 379 11674 26548 
4 33 1768 7942 
3 250 19983 21606 
4 180 12034 25086 
4 150 704 24926 
3 212 21339 12145 
5 468 2146 
4 205 9837 22187 
1 67 583 11983 
2 215 28308 
5 69 26452 
4 406 90 21966 
3 31 6651 11773 
5 226 25567 
4 132 7417 2579 
2 394 1138 
3 280 22379 16639 
4 142 8583 3995 
4 8 14207 5231 
4 32 27101 25041 
1 166 12443 25069 
3 466 21048 1301 
3 412 267 10516 
3 126 25302 21106 
1 220 13982 2803 
2 377 3258 
1 221 23856 17707 
5 427 15642 
5 246 22607 
3 229 1363 15143 
2 493 2393 
5 131 12692 
1 238 13777 8225 
3 186 1038 8111 
2 434 5859 
1 366 1088 21791 
2 376 11670 
4 525 7997 22159 
4 385 26469 5671 
2 332 6866 
3 397 3089 3482 
1 166 26181 1705 
2 418 765 
3 109 11398 2968 
2 201 1737 
2 408 21524 
4 298 25958 8864 
2 95 810 
1 203 3166 9991 
5 131 12547 
3 393 21652 23658 
4 430 10713 4618 
1 46 977 27539 
5 281 1709 
2 529 2621 
3 123 14994 20202 
5 200 18346 
2 21 1428 
2 171 22212 
2 229 12235 
2 204 26219 
2 184 26276 
3 236 23529 12320 
5 550 2852 
5 462 15316 
1 178 22343 20949 
3 231 6126 96 
4 1 27078 15726 
1 452 26636 4862 
1 275 10329 22047 
1 322 15140 2298 
5 303 5512 
5 107 22452 
3 501 751 24661 
1 314 4054 563 
2 367 16464 
5 432 23357 
5 527 8127 
2 422 25194 
3 462 7322 24824 
1 189 15699 27539 
2 583 18013 
3 152 17060 9031 
2 289 10542 
3 21 11232 20862 
1 212 19926 17334 
2 233 24104 
5 475 216 
1 390 25287 27139 
5 486 3382 
3 358 6300 24933 
4 561 1966 23586 
1 547 24172 3298 
5 430 12537 
1 479 18097 16963 
3 257 3917 3976 
3 233 4096 13269 
2 414 4281 
4 80 28463 950 
5 567 5172 
1 436 17354 2070 
1 262 3135 24204 
5 522 14311 
5 287 1611 
2 203 4920 
3 477 6672 26560 
5 421 27169 
1 243 24108 27889 
4 323 18558 9764 
1 87 1157 25654 
5 193 7136 
4 293 82 16283 
4 434 9014 15626 
4 306 871 14840 
2 58 8127 
1 595 2378 21330 
4 67 9103 20841 
2 236 17108 
4 508 24122 22435 
1 554 7228 12874 
1 70 5454 10987 
3 136 451 22398 
1 119 20577 25369 
3 384 18772 27247 
1 411 21797 408 
1 213 25753 18192 
3 146 3730 10241 
5 429 3298 
4 236 13427 3096 
2 371 6595 
5 115 20038 
5 529 16140 
2 166 14395 
4 379 21565 21479 
4 572 2672 3878 
4 258 12285 25191 
1 146 24626 5363 
5 359 17448 
3 370 11608 1442 
4 257 6298 26935 
1 334 9705 21428 
5 609 20096 
5 556 9098 
5 628 14732 
5 175 3032 
4 627 21359 2231 
1 566 2278 121 
3 314 16351 17975 
3 564 24421 25159 
1 478 15377 23158 
5 31 2174 
2 621 14980 
3 85 22170 18985 
1 541 3549 9721 
2 478 9711 
3 611 14987 15011 
5 104 25931 
4 423 2888 4726 
3 665 2645 1024 
5 393 15990 
4 212 14557 1058 
2 17 11290 
4 305 791 176 
2 431 22060 
3 260 15305 1016 
4 586 16550 7446 
5 466 9741 
3 102 4856 8437 
4 115 1360 27027 
1 669 10593 24885 
1 82 7274 20334 
1 369 27083 2858 
3 379 10354 7877 
2 11 3223 
1 12 25104 16809 
1 501 14013 8328 
4 127 15778 5620 
3 230 19922 19782 
2 227 2110 
3 662 7763 25702 
2 71 1642 
2 394 8903 
3 277 2874 18257 
5 22 20837 
3 689 18941 7860 
3 413 2338 19786 
3 3 22397 17537 
1 233 18708 19932 
3 32 23156 13886 
5 401 24638 
4 642 11746 4066 
1 39 25594 1451 
3 173 7804 27644 
3 63 17923 10201 
3 601 1043 11944 
2 65 5084 
2 683 24822 
1 80 27992 3985 
5 253 16813 
2 677 3297 
4 667 20007 727 
2 650 3986 
3 504 23485 14646 
3 372 3516 13906 
3 434 12071 10831 
5 4 13339 
2 336 404 
4 187 21868 12408 
1 158 1250 3773 
2 301 2491 
1 366 23928 2643 
3 220 10086 1987 
1 716 4227 26528 
1 633 22345 24945 
3 699 26766 8141 
2 111 273 
1 208 10920 27894 
4 431 12888 2300 
2 265 19162 
1 484 25000 23686 
4 42 23480 8106 
4 315 2990 15985 
2 704 3624 
2 728 5908 
1 425 26017 3015 
3 46 2496 23494 
4 674 2621 16001 
3 647 8279 1723 
1 277 14175 25469 
3 681 7988 17656 
1 220 3115 110 
3 636 2575 8190 
1 19 25739 25466 
1 41 3827 2853 
4 495 19058 16315 
2 348 18335 
2 578 4754 
4 623 20651 24725 
2 165 19661 
2 663 1034 
3 215 26931 786 
1 156 9918 11152 
5 311 15029 
3 150 27956 5553 
1 404 1539 12376 
1 591 7430 9007 
3 384 11289 359 
4 657 3087 13725 
5 305 2293 
3 415 9192 2058 
1 241 16142 22887 
4 168 5635 2562 
5 120 24423 
4 734 4961 7917 
4 328 10116 28103 
4 429 11136 10078 
2 606 13735 
4 355 3671 3728 
5 748 87 
5 420 2629 
4 716 14121 504 
2 516 26564 
3 421 1650 25831 
1 160 13590 2599 
1 274 24013 21489 
5 531 1134 
3 397 12417 10908 
3 213 3671 301 
2 670 9559 
4 608 8926 15349 
2 305 1496 
4 100 1092 2091 
5 441 10826 
3 696 1379 17900 
1 260 5801 2561 
1 494 23466 9434 
2 394 2153 
3 390 3377 16636 
2 460 27411 
3 396 24214 7361 
1 202 3570 849 
4 672 3028 24838 
5 91 17984 
3 347 22686 19077 
5 154 904 
4 784 7143 13790 
3 681 12765 2416 
3 123 21731 33 
3 684 1770 313 
2 469 16613 
4 76 2053 9864 
2 263 22063 
4 522 23768 21936 
3 139 16852 19896 
4 387 15592 16148 
2 258 1901 
2 775 17366 
5 23 16197 
3 155 4644 24228 
4 521 25185 23335 
1 532 15501 17685 
1 546 6003 2528 
3 377 1357 21926 
3 294 6874 11773 
3 74 19633 10736 
2 295 14037 
1 685 15459 649 
3 473 24587 24166 
5 693 22538 
5 387 20673 
4 573 20838 25687 
5 136 11767 
3 219 12072 4172 
5 711 18989 
2 546 3421 
1 51 4396 27133 
3 486 18192 21182 
5 679 3785 
2 580 18860 
2 415 1199 
3 567 10989 13246 
3 193 1074 7716 
4 20 25338 1692 
5 492 12706 
4 316 288 2871 
1 510 1223 539 
4 491 18943 20568 
4 433 15285 8603 
4 20 747 998 
2 712 22390 
3 660 15630 5550 
4 431 2048 23658 
5 651 17020 
5 496 20363 
3 394 19306 3508 
2 758 15455 
1 769 11817 22289 
1 831 11479 19462 
4 596 11755 23146 
3 688 1345 2298 
5 403 16847 
4 508 24166 6619 
4 688 3410 26475 
3 663 12287 18686 
4 795 14757 14969 
5 648 1608 
3 170 4202 24122 
5 633 23743 
2 429 4508 
4 405 7556 746 
1 732 20704 5452 
5 579 2784 
1 674 21000 15072 
4 783 11242 8846 
5 155 12762 
5 113 22545 
3 550 721 23557 
1 214 27061 9271 
5 14 1173 
5 719 14497 
5 111 20998 
4 721 19242 10409 
3 221 14032 2913 
4 506 17835 774 
4 116 11826 18175 
2 631 23746 
3 418 3011 24304 
3 622 25449 6430 
5 391 10761 
3 116 17154 2669 
3 284 3697 21814 
3 816 16802 2855 
2 670 13537 
4 399 12455 13933 
2 247 15338 
1 874 1164 13689 
1 268 4655 26220 
4 361 14334 2583 
5 551 3106 
2 887 18051 
2 412 12402 
1 440 7246 16643 
3 646 23346 2424 
5 334 27322 
4 806 19853 8846 
4 234 24369 13613 
3 54 8654 22647 
4 470 1974 22382 
3 631 5285 500 
3 414 12160 10618 
2 259 13309 
2 141 259 
5 697 21472 
2 682 2088 
2 208 843 
1 73 15634 14179 
5 727 9890 
2 639 3355 
1 684 457 26151 
3 21 26207 22184 
2 262 785 
2 27 1581 
2 698 15487 
4 775 11029 3569 
5 445 25781 
4 769 4035 10125 
1 645 595 26664 
1 634 431 15580 
3 49 2110 24829 
2 476 10870 
5 58 13788 
2 721 6857 
4 206 20570 27411 
4 338 5485 16254 
1 496 24337 14870 
4 213 4051 14723 
3 456 11437 11821 
3 725 4658 19108 
5 377 2572 
1 231 14809 21672 
4 223 2542 3047 
4 914 18209 3697 
2 198 11678 
5 874 3065 
4 614 18078 14294 
2 412 1282 
3 233 25777 3322 
4 881 26854 16403 
2 886 15889 
5 400 17823 
1 923 1482 3257 
4 569 18575 6394 
5 394 25002 
5 415 7124 
4 135 834 15698 
1 92 14048 26382 
3 26 1149 13589 
4 896 27237 278 
5 615 21804 
1 906 24193 2739 
1 210 7278 57 
3 540 26049 20560 
5 179 24417 
5 613 22806 
5 180 25551 
5 192 11668 
5 546 17642 
2 407 4061 
5 549 21000 
4 326 13359 2392 
2 516 469 
5 594 7309 
4 478 5058 1661 
1 651 1334 1153 
4 307 4270 17216 
2 790 11002 
5 779 2447 
1 95 2119 5064 
3 8 7904 648 
3 882 10811 27 
2 370 1519 
2 835 11554 
4 911 13869 23976 
5 901 15009 
3 813 4607 10783 
3 231 7539 2178 
5 878 5761 
3 787 18223 15320 
4 805 22099 6046 
5 90 3724 
4 460 344 7582 
5 210 19328 
2 842 4004 
1 880 22665 27802 
3 506 2220 27798 
4 298 17017 7249 
2 502 9048 
5 814 1798 
1 199 6068 8425 
2 241 9512 
4 312 1269 475 
5 508 9385 
1 188 9128 23700 
3 871 26700 12982 
5 744 5114 
2 562 13890 
5 390 7973 
5 650 796 
2 325 20746 
4 950 8164 1563 
1 70 3323 3321 
3 886 19525 28326 
3 508 18534 15900 
4 726 1943 6986 
4 731 27096 7180 
4 663 11736 16406 
5 589 3383 
4 740 10164 1913 
2 806 24119 
2 342 14680 
4 400 18633 16804 
3 499 24545 21432 
3 158 3432 20194 
1 325 20174 26483 
2 698 6599 
1 343 19594 5895 
3 666 12090 12029 
4 359 26115 19834 
1 551 24672 21850 
5 201 5844 
1 117 14114 4316 
3 715 21629 1826 
5 748 4040 
5 807 22462 
1 1022 12119 24369 
5 271 15183 
1 754 16820 13825 
4 242 23103 19360 
4 187 24244 626 
2 22 19122 
3 238 4140 13735 
3 167 25022 14144 
3 337 20315 219 
3 523 24907 2785 
1 452 26586 18726 
2 957 1754 
5 421 21081 
2 778 21196 
5 261 16633 
1 538 3420 2391 
3 132 15059 1870 
1 492 5178 8835 
1 557 3419 16023 
2 642 20587 
2 697 6056 
5 1001 13935 
5 904 23757 
5 388 5160 
3 84 10620 21688 
2 697 18731 
4 971 25869 24413 
5 650 9957 
1 584 12824 1838 
1 196 26862 1187 
5 436 17919 
1 865 26853 7637 
2 409 6773 
5 53 23840 
5 270 5113 
4 527 1794 3431 
3 922 25455 15759 
4 297 16206 21088 
1 594 531 21965 
4 16 17830 21366 
5 56 3601 
3 987 27935 10620 
4 49 28148 19548 
2 95 6861 
2 137 15876 
1 830 19780 522 
3 1043 2996 5375 
1 395 5908 9061 
4 410 21377 13158 
3 775 10473 15395 
5 43 20675 
5 975 25914 
2 284 8142 
5 128 22908 
5 518 25036 
2 882 17013 
3 492 22083 1952 
1 73 22029 8702 
2 744 25330 
2 297 9423 
4 280 3520 24607 
1 28 5602 6587 
4 101 19312 5782 
1 462 23279 7179 
3 637 24988 25716 
5 233 281 
3 255 6271 8978 
3 1039 26631 8225 
1 675 11921 19951 
5 493 18133 
3 244 2623 1257 
4 675 22699 2395 
5 1016 2995 
5 796 14153 
2 427 1894 
4 215 3182 3368 
4 986 2007 22403 
4 995 6472 12221 
2 289 5218 
1 1058 3152 12079 
3 118 11836 28259 
2 121 28269 
5 28 25019 
4 853 14577 21521 
1 317 22139 21852 
5 122 12916 
2 345 20398 
1 382 7633 18853 
5 861 19903 
1 441 7491 16318 
4 478 24673 8679 
3 533 25842 4545 
1 958 6932 12736 
3 1090 3242 14347 
4 236 3942 23170 
3 618 15563 15360 
4 585 17188 16093 
5 80 14967 
5 165 9510 
5 882 1101 
1 433 18302 18295 
1 575 23385 4576 
3 260 25684 20331 
1 66 25754 21292 
5 6 17005 
1 300 25421 21683 
5 550 2765 
2 1055 11783 
5 569 21261 
3 799 11838 3845 
4 6 100 26775 
2 965 3810 
3 808 780 27470 
5 1106 22660 
1 1073 17684 8778 
2 617 27452 
1 1038 6893 15923 
2 297 18783 
4 470 3903 18228 
5 863 20933 
2 370 16955 
2 445 24939 
1 363 2123 23600 
4 106 16352 11163 
5 553 13208 
4 1146 126 13617 
4 817 21709 6261 
1 58 9444 19052 
2 562 22696 
2 784 7635 
2 424 5342 
2 800 17338 
1 121 3378 21956 
4 574 20688 160 
1 934 8690 1004 
3 633 19182 9783 
3 221 16858 22293 
3 1097 20318 27681 
4 229 24436 11775 
1 922 20331 3840 
2 104 23858 
4 690 24789 7123 
4 809 16346 4414 
1 616 4200 24904 
5 924 2512 
4 486 26624 11510 
1 476 24099 8847 
1 742 20553 16716 
1 404 10374 2485 
3 85 2181 2160 
4 677 3111 669 
3 976 8046 12436 
3 1158 27546 23055 
3 745 8081 10420 
5 655 6020 
2 58 11803 
2 487 26404 
3 333 1681 23514 
4 212 114 3199 
2 744 2892 
5 316 1407 
3 647 24214 2816 
5 865 455 
3 602 3269 4554 
3 99 22412 12490 
5 259 1584 
5 1067 4158 
4 780 16738 18562 
1 286 21832 236 
4 774 17436 1089 
1 894 12884 22322 
2 1107 2633 
4 1129 24900 14305 
2 543 24004 
3 142 5650 10727 
4 1088 5724 27521 
1 263 4328 10376 
1 631 9295 17861 
1 425 16781 24015 
5 429 260 
2 210 18743 
4 639 6508 2710 
3 592 22287 3634 
1 1164 1638 2359 
4 199 20995 12033 
3 5 10032 302 
4 679 13270 4702 
3 837 3156 6567 
1 284 18517 8363 
5 345 2636 
1 69 2104 2136 
2 1056 15878 
2 495 12534 
5 1007 20489 
2 745 27427 
5 250 1766 
1 535 5592 22905 
2 1027 23064 
3 426 1841 4119 
5 8 280 
5 1071 24299 
1 574 24534 17813 
2 747 27702 
4 188 3861 14527 
3 740 11383 19267 
2 608 5795 
1 434 6830 7937 
1 393 3696 831 
5 528 964 
2 969 5811 
1 193 20486 1720 
4 371 20487 22190 
1 553 19003 18286 
3 924 18805 22221 
5 1171 393 
1 431 9037 1774 
4 887 19476 16728 
4 957 2153 25667 
3 850 4882 2686 
3 1006 27610 10662 
5 403 12015 
2 1181 24607 
2 1140 28011 
2 819 17957 
1 10 3970 19034 
4 506 123 19006 
1 612 25360 14983 
5 605 4252 
5 613 14276 
1 716 28175 1895 
1 476 9760 6650 
3 601 23675 13906 
2 795 6219 
1 97 3503 24450 
3 575 4322 14456 
1 49 28398 28372 
2 1220 486 
2 672 2380 
1 551 10564 16231 
2 1114 20631 
5 247 5062 
2 316 15775 
1 489 17868 16213 
4 469 9645 1068 
3 749 24176 6369 
4 198 16095 27302 
2 233 27614 
2 1026 28037 
3 460 377 19487 
4 157 22292 10760 
4 724 16450 21555 
1 1257 24681 8067 
4 59 20373 14303 
5 493 13154 
4 453 1541 24349 
5 1216 28225 
1 560 6331 4871 
1 1208 13639 23164 
1 859 5234 14057 
5 682 5664 
4 375 15844 15491 
4 131 10961 26849 
2 786 14666 
1 357 13543 25514 
2 647 17402 
3 516 2919 5050 
3 1256 25841 13528 
4 210 21889 3304 
5 213 5693 
5 933 3163 
1 1255 330 27156 
5 924 15723 
3 773 11720 25773 
5 668 1111 
2 540 16410 
3 308 20239 6749 
4 404 16556 12612 
5 616 5308 
3 260 20802 7302 
4 1281 16202 3930 
5 1161 5263 
1 949 522 14033 
1 371 20228 1138 
2 1229 22305 
5 1034 21545 
3 990 11995 5147 
2 1054 22330 
3 599 11663 27661 
4 745 4385 22551 
3 334 25951 13971 
3 731 5437 3376 
5 1040 17391 
3 845 2296 13564 
3 670 6171 2891 
3 1289 26390 24099 
2 573 293 
3 451 23625 3755 
3 1101 4023 5028 
5 1187 8167 
1 809 8361 10313 
2 261 19835 
3 195 6475 14018 
5 858 3872 
1 545 23874 11943 
3 255 14545 11182 
5 557 19128 
3 1188 20439 7791 
5 1227 20488 
3 912 3919 20034 
2 353 3177 
3 1220 11165 20067 
4 1247 51 3784 
3 329 18648 11729 
5 407 19664 
5 378 18442 
5 1252 20674 
2 652 28415 
5 306 17861 
1 1150 1155 27319 
4 416 6759 21529 
5 1197 12200 
5 1332 6241 
4 216 7209 26481 
5 399 27736 
2 1068 20171 
2 958 7018 
1 889 3057 11207 
4 1332 2594 7293 
3 593 2683 16501 
4 638 18410 27959 
2 114 24373 
1 870 12490 4249 
5 1320 17952 
3 43 9363 7761 
4 829 3115 18956 
1 603 21523 1881 
5 349 13500 
1 884 20164 23601 
2 440 26777 
4 610 23692 7001 
5 767 11915 
3 779 23922 9822 
1 963 1351 24148 
1 522 22451 209 
5 275 4393 
4 370 25794 11546 
3 970 24605 6588 
5 405 16423 
4 159 1623 17784 
3 1169 5022 15480 
1 312 24701 628 
1 317 21525 24818 
2 980 10064 
2 470 9802 
5 1268 4525 
2 606 17108 
5 118 27637 
4 58 13928 8491 
3 1232 9833 1286 
2 940 19538 
1 1028 5007 3190 
2 782 27496 
4 913 9619 18603 
4 137 3543 2453 
4 311 16509 8842 
4 1055 1642 23102 
3 1018 2531 2262 
3 821 4341 1789 
1 548 13777 4593 
1 1035 17951 3646 
1 504 11412 18286 
1 1315 6343 110 
4 1091 22848 14997 
2 464 7122 
1 1331 22828 2092 
1 1299 13651 26794 
4 74 16492 21873 
3 690 1469 5562 
4 613 17408 11118 
1 463 9408 15604 
3 1201 774 20806 
4 1104 1333 4683 
5 761 3635 
1 1154 250 18889 
1 1238 1161 22605 
4 346 21863 23934 
3 1258 27183 1894 
5 894 28389 
2 35 1152 
3 36 12471 13214 
3 814 3890 2462 
2 560 5802 
1 350 8404 23369 
1 466 12867 8028 
5 318 7973 
5 21 9880 
1 622 2771 2520 
5 1309 127 
5 181 17339 
2 569 20726 
1 1366 26756 9651 
3 727 2298 2035 
4 827 2089 2455 
5 653 12014 
5 43 22998 
4 1012 21151 744 
3 174 21803 18501 
4 1320 6776 28359 
5 1424 7841 
1 275 10429 19995 
2 1214 24008 
5 654 4928 
1 467 18318 2586 
1 463 25607 1090 
3 253 15499 1830 
1 171 11483 19034 
1 889 7292 4063 
5 1191 114 
1 754 24211 2543 
2 237 8210 
2 652 377 
1 545 5507 5460 
2 1311 523 
5 706 8587 
3 565 7582 1023 
1 588 10180 14417 
2 84 573 
2 18 17612 
2 376 28301 
3 155 18041 18965 
5 549 14875 
4 819 23810 16785 
2 1195 8717 
5 1384 26081 
1 1253 23703 10137 
4 964 17950 17305 
4 825 836 1817 
1 153 22514 1562 
5 166 20204 
3 1367 5376 21603 
4 158 24826 4982 
5 1217 23495 
1 752 21480 3711 
3 915 10714 7293 
3 942 11369 18835 
5 1306 23764 
5 949 25866 
2 140 18242 
4 833 27737 14836 
4 438 27184 27736 
4 683 10771 9919 
5 1116 4074 
4 69 4500 6116 
2 458 25342 
2 840 1223 
4 697 1750 5127 
4 1121 510 11779 
1 646 1927 28055 
4 645 18681 26851 
2 1150 9870 
3 716 8197 12738 
1 921 26506 16290 
2 1210 1708 
4 1346 9884 4692 
2 1179 24769 
4 919 3967 2632 
3 893 20117 27386 
5 972 24825 
1 141 65 26567 
2 681 22218 
4 652 26361 19986 
5 991 17735 
4 240 4262 21466 
3 413 20455 20949 
3 566 13057 26735 
5 1238 17524 
3 876 20126 12111 
2 1086 4366 
5 40 20732 
4 1447 9657 25552 
4 1403 21835 19376 
1 757 362 21492 
5 627 15901 
4 145 8959 16617 
2 16 24075 
4 557 13852 12928 
5 1112 26783 
2 1038 27968 
1 1171 26448 22086 
3 100 5312 44 
1 88 10598 8039 
2 1303 25464 
2 145 24501 
5 101 22599 
4 95 27424 12217 
3 416 18844 7488 
4 1410 7294 3317 
2 1431 24282 
1 977 21935 14350 
5 103 818 
4 1487 99 8430 
2 1249 17225 
3 1150 1127 24618 
2 1505 26558 
5 74 1043 
5 476 27165 
3 20 15210 1321 
2 1220 3193 
5 448 7542 
5 709 441 
5 506 18823 
1 149 27619 1497 
2 568 23043 
2 67 7795 
1 418 2312 3468 
3 425 11145 1051 
4 66 3073 11856 
3 467 4955 13789 
5 1510 10232 
2 376 9292 
2 1050 15276 
1 679 15222 13976 
5 1543 10271 
5 1084 21732 
4 1366 26217 8485 
1 13 27842 5987 
3 300 8610 11744 
1 1418 18777 23104 
3 1468 27716 4854 
5 1002 8086 
2 1192 2192 
3 733 27915 3954 
2 567 13837 
3 1193 21851 7144 
3 1166 1667 2460 
1 555 3473 14024 
3 936 23105 15888 
2 318 13841 
2 697 16307 
4 717 26259 13388 
1 436 1854 9426 
5 421 1574 
3 1318 27074 10572 
3 172 1862 27718 
5 605 6107 
1 447 24163 5252 
1 1435 27809 24115 
2 1170 487 
4 759 2917 3308 
1 734 27331 12377 
5 565 24589 
3 592 4339 21183 
3 259 15254 1018 
3 97 8628 5835 
5 679 3787 
5 1338 10954 
4 343 4227 11445 
1 550 21662 24095 
3 268 6000 3542 
5 293 3754 
3 942 2617 25712 
5 277 22553 
4 1504 10293 8561 
4 859 4210 18629 
1 1541 6603 27122 
2 385 26484 
1 257 13019 13678 
1 284 3687 11355 
5 947 22137 
4 1002 4254 17400 
2 383 14182 
2 478 12472 
1 243 2929 1078 
4 588 16883 2159 
1 1586 10294 4575 
3 420 8044 12988 
4 470 13578 18811 
2 1033 19159 
3 320 8678 1347 
2 1439 6526 
1 164 1110 24727 
1 61 16287 7234 
1 934 3286 12220 
4 78 24342 3730 
1 167 19506 2751 
3 1091 7172 11708 
3 503 5813 16263 
1 1331 1781 13988 
5 246 2540 
5 44 23625 
5 856 26431 
4 1010 10721 1116 
2 850 27165 
2 1029 17484 
3 1483 2748 136 
1 641 8629 5999 
1 555 14885 27259 
1 987 21422 27813 
3 1398 15100 1907 
5 88 8850 
2 623 273 
2 546 4904 
5 1590 1964 
5 788 26251 
5 495 25194 
2 1148 19713 
4 588 25012 10188 
1 8 20751 6012 
1 1308 6046 7727 
5 1232 14830 
5 644 25543 
1 1551 8027 8075 
2 200 20094 
3 1128 14446 10763 
3 847 22634 369 
1 1065 13405 766 
1 819 14583 477 
3 637 20142 20479 
5 1554 11433 
1 49 9920 21213 
5 903 26075 
4 476 431 9716 
1 598 1497 11577 
1 79 24316 9956 
4 455 888 10861 
1 1005 12823 17149 
5 324 6363 
5 1214 19860 
4 941 24087 3861 
2 337 9683 
1 480 3920 2498 
2 466 2655 
1 476 18887 23721 
2 1099 528 
4 1248 15672 1255 
2 146 7045 
2 835 9033 
5 1144 25797 
2 122 14688 
1 1236 18383 10001 
3 755 25197 14194 
4 821 16694 1857 
2 227 19893 
4 110 1692 26852 
2 712 1457 
4 518 3596 17759 
2 1253 3895 
3 1435 3390 10192 
1 1184 685 18745 
4 647 22551 2034 
4 947 27471 25 
4 742 21103 25070 
2 119 14177 
4 1535 20613 3236 
4 139 10615 4099 
3 1558 8165 19019 
4 164 28068 20208 
3 576 8062 5805 
1 1633 5508 8733 
2 95 23973 
5 175 18279 
1 782 9030 14789 
4 1668 11741 4095 
4 1675 1774 19471 
4 1076 17657 24257 
2 1609 1464 
3 1315 18107 5952 
4 467 2301 21529 
1 626 20119 3589 
5 156 26760 
2 1550 246 
4 1676 6170 3190 
1 85 27448 23741 
5 416 2242 
1 804 19993 16344 
2 1448 402 
4 945 501 28051 
1 407 18154 24608 
3 1643 19632 26287 
3 1266 4931 5595 
5 859 27798 
3 1312 19538 7639 
4 924 14065 9717 
1 912 18798 19808 
4 75 26386 25360 
1 1466 480 19144 
4 1664 18798 16540 
2 455 15348 
4 993 4811 19875 
4 1590 19946 6712 
2 558 16887 
2 1072 4076 
2 1408 20231 
4 1194 2075 1802 
5 1644 477 
4 1334 24132 16171 
5 1370 5586 
1 842 12613 23794 
3 412 17675 17923 
2 895 19657 
1 1552 26149 3339 
2 619 6214 
2 1243 18899 
1 159 25623 9831 
3 446 13271 8802 
5 644 11252 
4 8 18759 19288 
4 360 1182 1788 
5 1389 26389 
3 331 18428 1105 
3 491 165 6512 
2 1633 8054 
3 1129 2212 23791 
5 654 26810 
4 18 4684 1076 
1 670 7108 18169 
4 1239 7452 3420 
5 1426 18045 
4 944 10188 19018 
1 1552 16405 13059 
2 1685 11258 
1 1470 21575 22985 
5 1290 18060 
4 584 7244 25602 
1 116 16263 4112 
4 1671 3274 13556 
1 778 20053 11344 
2 165 21159 
5 1744 19985 
1 1189 22325 11533 
4 653 6266 25581 
1 713 5370 4285 
1 1205 21 3721 
3 291 25896 24052 
1 336 9962 5059 
2 320 181 
1 992 27605 26325 
1 144 7720 15035 
1 1158 18964 23611 
2 704 1256 
3 1618 1063 3196 
5 1449 2934 
2 358 1340 
4 1337 5595 22378 
2 758 17213 
4 1210 19462 21951 
1 1222 20747 301 
1 1657 23962 22389 
1 734 19466 1018 
2 714 16809 
1 345 9912 24249 
1 1277 19822 12216 
4 202 3967 17381 
2 594 22389 
2 550 2619 
4 1057 13901 1085 
5 771 8337 
4 1742 2865 1404 
4 1351 14745 5145 
2 1622 872 
5 1312 3960 
3 1770 5805 17460 
5 1537 13450 
5 1655 11697 
1 1355 23038 28199 
2 987 324 
4 870 25933 14690 
2 1445 12254 
3 816 25758 173 
5 1606 9699 
5 1559 27996 
5 994 4874 
1 984 3671 9066 
5 1395 26376 
4 473 4158 310 
1 176 23422 4080 
2 971 12341 
2 1190 14882 
4 1474 15218 9851 
4 1637 15997 2088 
4 1430 8379 1976 
1 629 13292 4223 
3 1088 6326 64 
5 583 27369 
4 758 23285 775 
2 1498 26571 
2 1152 9693 
3 1573 12278 20857 
3 975 4435 4902 
1 727 26851 20505 
1 1558 25597 9888 
2 462 12512 
1 319 8883 15337 
4 970 20619 19722 
5 88 22645 
4 1346 13436 5159 
1 247 7782 23858 
4 1074 8299 17796 
2 569 9844 
1 1025 27492 10677 
4 1413 17071 11066 
3 1665 936 15555 
5 941 11049 
1 582 930 856 
2 1087 13158 
3 1805 11674 14878 
2 572 27307 
1 899 21174 8452 
2 1600 5848 
1 777 22445 10379 
3 895 9541 4829 
4 1031 7264 1604 
1 1024 20383 7148 
5 793 491 
4 464 9688 21575 
3 645 18662 7576 
2 1225 9137 
4 1762 2348 14941 
4 388 9949 1807 
1 197 3129 3420 
4 923 13091 16898 
1 885 18992 6870 
1 1682 25901 23294 
4 673 25512 23 
4 12 8371 17 
2 1117 20452 
1 238 6928 11168 
5 949 17852 
1 1209 2448 24266 
4 1154 2091 2955 
3 1057 1505 915 
5 505 3661 
2 606 8005 
1 344 25502 19091 
4 1071 6652 591 
2 439 4341 
5 440 2698 
2 490 28330 
1 663 3534 19455 
3 16 21895 3510 
1 349 10034 14631 
2 1081 17787 
1 117 18082 10948 
1 1044 21702 9750 
4 420 14181 17502 
4 1437 25157 22998 
5 263 26240 
1 766 26776 24712 
2 747 22091 
2 143 12553 
4 1733 931 15632 
5 540 26963 
1 870 768 19186 
3 162 13175 25845 
1 233 10655 122 
2 1455 27144 
3 1425 14668 619 
1 1465 27611 8767 
2 169 7269 
2 1093 20059 
2 520 17321 
4 522 22670 24265 
5 1531 19891 
5 1081 24718 
4 1303 20945 1917 
3 1574 10003 22612 
4 274 2894 22236 
1 1119 13535 13284 
2 630 3455 
1 512 23342 22379 
5 377 1084 
2 960 673 
3 709 1659 3390 
3 720 11766 12260 
4 1051 1294 16392 
3 13 23157 245 
4 610 12456 26190 
2 585 17116 
3 334 16481 2787 
3 923 9026 23824 
4 505 7867 17153 
4 1420 25295 2419 
2 1286 2544 
2 178 25613 
1 1694 1143 20761 
3 1117 574 12051 
4 1736 27324 15206 
4 194 2099 6984 
3 265 12981 16108 
2 551 7483 
3 539 24896 2152 
5 244 679 
3 674 24429 3089 
2 1391 20101 
4 1605 27198 14248 
3 511 15080 3805 
5 1870 1567 
4 733 10986 3417 
3 1013 14550 1308 
4 284 16551 3952 
5 313 1416 
5 277 5220 
2 1409 1716 
1 1785 1555 16235 
2 961 25914 
3 671 17999 8571 
1 424 14322 27278 
5 343 21501 
5 915 2085 
5 540 8979 
1 564 642 3454 
5 102 19021 
3 1763 3663 3962 
2 123 4591 
3 1716 8990 8131 
3 1861 3831 23124 
1 1270 17464 6583 
5 1569 11989 
5 1082 3516 
4 1478 12352 14290 
5 1853 499 
4 104 14773 14171 
4 75 6326 1185 
1 627 15409 9567 
1 1906 18072 12020 
4 737 10508 21721 
5 1787 15904 
4 1519 2508 480 
2 471 7505 
4 549 13588 20662 
3 1619 21777 19348 
2 332 13301 
4 787 1462 12274 
4 498 4012 14301 
3 1465 26853 25302 
4 1139 26843 11051 
4 192 1568 20602 
5 31 11406 
4 1149 27496 23083 
1 1198 21509 17078 
3 199 18968 1586 
2 418 21224 
2 1292 13974 
3 1469 27229 1652 
3 147 5505 28304 
4 941 21342 3956 
2 1581 23553 
5 1188 27370 
3 628 3156 21547 
2 97 9122 
5 471 1721 
4 677 28004 17289 
3 814 24242 6872 
3 166 28149 14067 
3 1307 4024 4722 
2 811 6300 
2 1742 17859 
3 249 19765 27871 
1 1064 4164 25399 
5 581 4384 
3 1194 27133 3857 
3 603 16113 8020 
5 844 10977 
3 1182 4012 27033 
2 1273 28080 
4 950 20383 2383 
4 1108 2801 22587 
5 249 22415 
3 378 7880 18211 
5 1034 15335 
2 155 20529 
3 1380 1298 9476 
4 594 21927 17425 
5 53 16901 
2 837 4452 
5 1362 4230 
1 56 12245 28406 
3 208 26591 1593 
4 604 11786 319 
1 1638 191 22679 
4 1150 1025 26231 
5 1601 5377 
5 1878 20579 
5 1828 14332 
4 581 5455 7301 
1 990 26901 5491 
4 434 13783 19408 
3 943 2227 2734 
5 16 3062 
3 1286 10883 26801 
1 1848 5009 1716 
4 59 6641 6640 
2 258 22103 
3 68 21753 11905 
5 4 19496 
1 1281 14648 20750 
5 389 16060 
5 1434 3587 
1 690 4071 8873 
4 1762 15083 16248 
1 725 3362 5137 
2 1419 21208 
4 1933 28078 15875 
5 1755 2665 
1 681 4248 3309 
2 150 1560 
1 104 1093 17843 
1 1433 1309 21075 
5 716 26466 
5 1937 24323 
3 1650 773 1461 
3 170 23446 15660 
2 1138 11599 
3 545 2611 5649 
1 489 2985 12069 
2 563 20744 
1 535 12784 24120 
3 1238 1089 15188 
3 407 18191 12462 
2 846 16647 
5 1720 23717 
3 1956 9544 1597 
3 1698 8513 25717 
5 1098 8200 
2 802 3496 
5 203 9040 
5 204 497 
5 344 21 
2 1514 23800 
2 748 20930 
1 496 20757 8362 
4 960 18232 21024 
2 1820 661 
1 1142 12097 9798 
3 1696 23 12471 
5 701 21471 
5 605 6823 
4 2034 28139 59 
2 451 1276 
5 1445 21285 
4 348 16237 13670 
1 687 13545 288 
2 796 14360 
1 829 27753 20225 
1 1454 18441 28280 
1 1525 26492 16267 
5 718 4410 
3 1844 14360 21458 
3 1847 9201 16607 
3 2049 22951 21559 
4 1141 488 23397 
4 1735 19090 529 
4 237 19135 25183 
4 1765 26623 3150 
5 1190 8420 
2 1187 12488 
2 1974 25455 
4 2009 7335 19042 
4 130 6383 3802 
1 1267 9037 1983 
2 408 27958 
1 613 27587 533 
3 868 15270 22917 
1 1240 694 22980 
3 1095 26064 24164 
1 1322 24828 5956 
1 88 3223 21439 
5 504 791 
4 1818 9869 14220 
1 754 26999 1405 
4 2045 5288 20339 
5 1358 59 
4 1639 15322 12481 
5 1795 13339 
5 262 3924 
5 1016 6699 
5 102 3208 
5 302 2548 
5 1234 23375 
2 521 26061 
1 1344 9495 9711 
4 1056 5800 16540 
1 1147 3273 26409 
2 836 199 
4 705 16065 3092 
4 31 25244 2554 
4 1020 2072 13881 
3 1581 18042 7597 
1 1095 14013 18909 
3 536 9177 19154 
2 1205 17652 
1 1008 4409 26258 
2 1101 4058 
3 1470 27697 15575 
2 510 16691 
3 1326 11772 21923 
5 1919 23945 
5 204 5277 
3 2028 5748 21953 
1 1964 17585 1671 
2 23 23838 
2 1044 18788 
1 2066 36 1459 
4 17 1609 21818 
2 1516 26430 
4 495 2266 21361 
1 801 15366 12565 
4 1898 27811 27862 
2 243 11221 
5 943 5162 
4 1236 9597 23929 
2 1643 9280 
1 1284 13065 27269 
2 263 4135 
2 2106 22363 
3 1547 9209 15678 
1 1288 18394 3909 
1 1205 21908 2779 
4 539 18373 23630 
5 26 24855 
5 228 1302 
3 1715 23505 6171 
2 1342 6878 
5 1279 26248 
3 1974 22191 15501 
3 931 19253 14447 
2 647 25740 
3 1067 1100 27991 
1 1897 14003 6368 
2 2123 22169 
5 1368 8595 
4 1239 4091 15756 
5 224 20341 
1 1037 24069 756 
4 1913 2612 14059 
3 1540 22463 2792 
2 557 24136 
4 2119 23520 20157 
2 1761 24437 
2 1893 14838 
5 551 8819 
2 1671 20812 
3 1976 2103 21988 
1 1045 19202 22849 
3 894 9784 25619 
1 637 26321 22528 
3 1853 19151 333 
2 422 22395 
3 1007 24227 25841 
2 1322 2082 
4 728 2658 3412 
3 1869 17884 22045 
5 591 4853 
1 1651 25202 970 
4 2124 3230 23184 
3 2161 4180 14120 
3 2080 23720 602 
2 979 18182 
5 574 8145 
2 2021 841 
1 1966 14427 28488 
1 1729 12819 16295 
3 753 22947 3547 
5 650 24416 
4 1045 25565 19230 
2 2013 348 
2 784 18059 
1 2123 16132 8511 
2 225 11562 
3 670 2650 19764 
1 427 10658 3467 
2 2141 11493 
3 279 15331 2418 
2 181 17691 
4 542 15323 12554 
5 454 18828 
3 303 20955 2226 
4 2010 25358 12143 
3 549 15112 13857 
4 1329 260 19942 
3 483 16146 8288 
3 2034 22633 15541 
4 2120 14846 21978 
5 1376 2573 
2 1863 9947 
2 784 23849 
4 316 989 28140 
3 732 25144 14204 
5 1721 22672 
4 586 8657 2607 
4 126 17018 921 
3 122 11611 21932 
5 1688 18506 
1 2148 1333 23652 
1 414 7277 12121 
1 1968 15397 18187 
4 2055 17092 2904 
5 2201 17318 
4 1851 4453 14602 
2 1075 23068 
2 2011 15320 
3 477 20857 7110 
5 375 15462 
3 855 4976 18192 
1 480 28403 20361 
4 1102 24550 17794 
2 1834 16000 
1 278 20463 28152 
5 1815 17722 
2 392 15590 
5 1478 27272 
5 846 23354 
4 1530 22008 8250 
1 1067 25785 22185 
4 1273 3133 23393 
2 1312 1091 
4 1219 1779 4736 
5 104 3560 
5 35 146 
5 750 13142 
3 1438 23242 5493 
1 980 394 13459 
1 2120 27944 1094 
1 1032 13831 19452 
5 1967 1097 
4 1144 851 6783 
1 1576 14163 3858 
3 1274 26058 1279 
2 554 25973 
4 777 19780 16766 
2 1192 12378 
4 1114 23021 1239 
3 787 7297 152 
5 658 23239 
2 1448 3414 
5 1699 9094 
3 42 196 2918 
5 1816 10641 
4 477 9412 16304 
4 1196 24337 4015 
1 1697 12810 27239 
5 1570 2998 
5 868 17838 
5 103 19424 
4 445 20476 9171 
4 1334 7492 1174 
5 606 10935 
3 1971 13417 13851 
1 1857 3453 12176 
3 1764 14383 18720 
1 1583 11365 9367 
4 1851 24802 5013 
3 2006 19646 7649 
4 995 7123 16896 
3 794 20256 9223 
5 1047 15467 
3 2160 3759 12586 
5 1854 1691 
4 2273 184 1634 
5 1286 3421 
3 1589 10185 13126 
1 632 5582 11481 
3 572 33 3468 
4 1251 808 4862 
1 803 11149 2812 
3 36 8084 10127 
2 2269 867 
5 745 515 
5 1301 19245 
2 2050 5017 
5 1875 22635 
3 909 8191 11470 
1 837 8897 14787 
5 1440 1705 
5 236 5519 
5 1060 12531 
4 724 26574 1559 
5 1339 22906 
2 1873 2371 
4 37 858 8458 
5 1711 19131 
3 1839 13548 9453 
1 1912 2710 3623 
2 1736 26821 
4 804 1446 13077 
2 1453 10938 
3 63 4470 5414 
1 209 9581 779 
4 1397 1104 21587 
4 1876 753 2854 
3 496 11574 2053 
2 1203 28094 
3 56 4283 1327 
3 1263 545 16182 
1 1650 17039 16184 
5 446 20789 
2 920 7540 
1 714 25326 21876 
3 413 6578 28404 
4 1417 5884 3515 
3 1229 320 21055 
1 436 9991 5552 
4 1821 23178 10040 
4 1562 11135 28290 
3 1678 1002 6009 
3 230 26329 11090 
3 657 9249 15052 
5 85 27661 
2 2083 7147 
1 661 2932 922 
5 2332 26544 
1 2207 11232 4404 
1 92 15578 4010 
1 1677 2420 22201 
4 632 1600 17437 
5 759 157 
1 1070 3296 9389 
4 905 25600 25514 
2 1627 2294 
4 781 27698 11100 
4 193 15508 10126 
2 312 9238 
4 334 6 3489 
3 1401 3575 18909 
2 496 2576 
1 795 1447 27265 
4 1111 20399 20729 
4 1585 19949 3040 
2 2133 21707 
5 632 4446 
3 462 6897 9828 
4 880 3326 21767 
2 880 26516 
1 1840 15033 16059 
2 1346 13477 
5 1396 2558 
5 1122 362 
5 1926 817 
3 2276 16257 21512 
3 707 3322 25301 
1 939 24783 557 
2 2306 27553 
2 651 18 
2 1312 10865 
2 1108 13962 
2 1659 27786 
4 222 4437 3750 
2 1005 21007 
4 929 2774 16516 
2 2095 17989 
4 1958 11984 6416 
2 225 371 
2 1029 8325 
5 728 28410 
3 474 4167 12117 
2 1084 25470 
1 715 25263 5383 
2 2283 24511 
1 192 19501 11996 
4 547 10955 3286 
4 278 23706 13502 
4 1810 15992 2306 
3 2342 12501 14204 
4 53 10599 3126 
2 1569 3359 
1 1203 18412 26203 
2 1829 2476 
3 55 23535 1815 
5 497 5656 
3 2088 10771 7982 
1 1787 1414 15728 
1 1830 2961 15071 
3 2009 1244 9880 
3 2126 15596 16480 
1 2340 17913 17025 
5 804 25193 
3 999 18564 28161 
1 16 24612 12037 
5 539 1155 
1 280 20362 4308 
3 1244 19082 4817 
4 581 12358 18607 
3 111 6819 15185 
2 1471 13859 
5 535 2395 
2 962 9399 
5 855 1571 
1 1962 3530 28010 
4 0 11132 17588 
3 1496 11716 318 
5 1712 13752 
5 1064 12732 
5 1500 11511 
2 1860 27834 
3 909 4382 1520 
4 1488 8278 13695 
2 1406 26144 
5 1819 26261 
2 1143 1181 
3 1256 1214 458 
2 1072 4246 
2 405 28274 
2 483 9541 
5 2129 27336 
3 817 8502 5451 
5 713 213 
3 674 16650 23299 
5 1940 24880 
1 2348 13004 28326 
2 209 876 
2 653 27301 
1 2061 887 2991 
5 1866 27613 
3 2 17206 11306 
2 331 3735 
4 1592 12752 4036 
3 2393 1082 23812 
5 293 1740 
2 631 18841 
4 2077 16880 206 
3 366 3481 8205 
2 62 17618 
3 2385 1957 52 
3 2015 19127 17096 
4 631 13491 15456 
2 263 7218 
1 1427 673 16633 
1 1969 17978 9027 
4 737 19321 11525 
1 7 19932 118 
1 212 2538 4047 
1 709 23251 25167 
2 670 8963 
3 883 9363 8951 
3 394 686 12879 
4 316 10115 3877 
4 1965 280 14238 
4 1974 5195 446 
1 503 4255 25985 
4 1399 18677 11559 
2 1739 24138 
4 1636 13506 350 
3 2013 4445 17498 
4 252 22143 12214 
4 1927 13385 7770 
2 1527 8172 
5 1254 13619 
1 2280 794 9001 
4 2462 8011 19940 
2 569 14919 
3 1308 9653 21041 
3 1493 23188 4164 
5 923 2687 
3 2118 25522 1418 
4 1950 178 10028 
3 361 959 22245 
2 2119 22688 
4 2261 12784 24366 
3 366 28225 10087 
2 1462 798 
2 2238 23733 
2 1679 21377 
3 1177 6210 4115 
2 2459 2268 
5 496 9165 
1 2002 26870 27013 
5 1536 14753 
2 779 7373 
5 1516 6936 
3 317 24717 975 
3 2255 10236 18393 
2 772 5636 
5 806 23990 
1 172 7920 8849 
4 460 19730 19847 
5 2151 13388 
3 790 10090 1208 
3 1217 14225 15320 
2 134 10845 
1 283 3024 6941 
4 71 23634 1331 
3 2317 21669 12466 
1 2106 25732 27131 
5 1426 3874 
1 741 4045 3124 
4 1539 7 9884 
2 203 25849 
2 1519 16039 
2 2443 10444 
2 1108 24598 
3 156 7542 5819 
2 471 1467 
1 908 28007 3952 
5 871 6777 
5 2198 21845 
4 2102 23668 18560 
2 1845 8767 
4 701 1696 11697 
1 1037 3728 27992 
3 245 7695 12920 
1 1260 3588 20376 
3 2503 4193 64 
4 712 1256 3769 
2 2209 24835 
5 2086 16911 
3 2314 17648 24403 
5 369 1291 
4 1580 17438 17702 
5 546 27235 
2 602 627 
2 1552 730 
4 1425 20105 18768 
5 1735 18481 
4 426 25068 3625 
1 2480 13187 19389 
1 2065 16122 22124 
1 100 6258 4783 
3 1385 13572 20425 
2 1825 3584 
4 637 21252 26912 
4 2218 8282 2219 
1 146 19728 7835 
1 1156 5593 12206 
3 1642 24265 11125 
3 2030 5804 4699 
2 1106 25756 
2 2434 25105 
4 88 19929 21895 
2 2085 6201 
5 2136 15522 
2 2007 11938 
5 1990 12657 
4 2476 14770 2476 
5 1360 1388 
2 638 19938 
1 503 27367 24713 
3 99 3274 17880 
3 106 22536 13825 
3 639 26281 23482 
5 1952 3623 
5 2296 26689 
1 2089 27305 20786 
5 1416 7279 
1 114 23309 16874 
2 600 12925 
1 961 22848 13127 
4 392 5646 14149 
4 392 14856 12284 
2 555 19107 
4 575 4917 16006 
1 1866 6676 12444 
1 2028 9583 18791 
1 2275 4456 21143 
2 784 21876 
4 1309 18077 952 
4 2320 6699 14173 
3 2204 7046 21715 
5 1726 25655 
1 2111 24571 18202 
2 2195 14685 
5 1739 26060 
2 1756 17359 
4 1803 8931 2702 
3 790 28275 24899 
4 718 8879 6235 
5 2333 14054 
3 2454 24266 5347 
2 742 4383 
5 139 23436 
5 1005 18781 
3 1976 798 9821 
2 894 730 
3 1463 18573 2978 
1 606 27846 6011 
4 2273 7176 14786 
5 2332 8063 
4 1376 12153 18726 
3 516 13722 14474 
2 1333 4546 
2 2053 22875 
2 1699 3599 
4 1556 10089 1260 
5 97 13724 
4 1400 18160 14655 
1 350 4732 1382 
5 2534 2009 
1 1391 4534 10646 
1 1207 15495 2905 
4 2483 4369 884 
3 588 18355 19422 
2 492 27460 
2 2317 12166 
2 1995 18887 
5 2375 9469 
4 467 3123 2716 
2 1090 28429 
5 1850 21888 
5 1956 1819 
2 332 21635 
3 2243 3040 16909 
5 49 25245 
4 888 16790 2127 
2 2016 5712 
1 1995 14060 1253 
2 2586 25823 
2 2405 15355 
1 1951 3555 12148 
5 833 17349 
5 2550 5828 
3 1072 6584 10558 
5 1179 1680 
1 51 5525 16618 
2 1195 8998 
2 1003 23947 
3 2292 6591 22021 
4 2634 16841 20864 
1 833 12278 2898 
5 287 5597 
1 1200 2872 815 
3 661 20343 13524 
5 138 1942 
2 77 11550 
3 2172 26054 12632 
5 1826 10806 
4 1165 21630 18828 
3 1125 25936 367 
3 447 1779 10496 
3 392 20932 5795 
1 515 23762 2748 
4 435 2778 27754 
2 1537 9078 
2 272 27573 
2 2232 5623 
1 1085 28438 9783 
3 1350 3133 4421 
5 1667 6153 
2 484 14346 
5 45 11607 
2 1884 4798 
5 892 5722 
1 737 577 15498 
4 1626 20459 9320 
4 1301 22545 8167 
5 750 18955 
2 1101 12313 
3 502 4698 3086 
3 2517 20248 25951 
1 1815 14016 19554 
5 1689 16495 
4 847 4260 14416 
3 568 3322 10421 
2 958 3527 
1 2431 5437 10951 
5 1136 7732 
4 1827 28301 4388 
1 1864 26328 27429 
3 259 7427 14041 
4 1615 22389 15263 
4 861 10113 11529 
4 1233 22577 28305 
2 2394 14914 
3 882 14627 550 
2 356 295 
1 1227 18207 4804 
2 2201 176 
4 437 4454 584 
2 2564 12399 
4 1222 19234 158 
3 782 20657 12269 
2 601 4544 
2 1174 24207 
3 2534 630 13739 
2 205 3623 
2 2313 9400 
3 925 3001 5223 
1 1950 16160 9976 
3 1091 3837 9408 
2 2578 13557 
2 999 2565 
2 232 2956 
4 2456 1713 322 
1 1322 26567 2792 
4 392 4744 18586 
3 258 7620 786 
4 1922 21921 11274 
3 243 20568 21581 
3 1371 2023 1914 
1 681 15366 18872 
1 693 12379 7265 
2 1534 6897 
3 317 23997 22247 
3 2374 3132 12133 
5 699 1963 
3 994 21133 2109 
3 1483 9467 19179 
4 701 9128 6410 
1 701 1051 6471 
4 191 17918 11521 
1 1104 15962 863 
4 395 23236 10829 
1 2664 22916 12481 
4 140 19379 15939 
1 2704 19021 17324 
4 2508 391 10542 
1 1026 1634 7572 
1 479 10880 27339 
4 1806 16950 1113 
5 2454 4324 
3 1810 24355 20353 
5 965 15260 
3 2374 16630 6492 
5 235 5145 
3 501 21390 7420 
4 2343 18504 25742 
3 660 2220 27645 
2 2200 2756 
3 1041 24194 7952 
4 1505 475 18123 
5 350 11659 
3 2468 3763 10100 
3 2073 12443 4078 
3 2270 2781 3094 
3 1490 14561 18956 
3 2435 21866 12846 
2 1787 8858 
1 1255 23219 1379 
1 1905 20763 13217 
4 454 1196 27874 
4 2096 9929 10280 
4 2663 11769 921 
5 955 26359 
3 101 10373 20660 
2 592 3122 
2 2376 1941 
4 2229 18582 25667 
4 1729 9746 25385 
2 573 22871 
3 995 18206 23188 
1 2197 21476 3907 
2 335 26335 
3 2036 508 8547 
5 559 4495 
4 1761 9964 20143 
5 2467 8867 
4 407 473 1214 
2 2060 19105 
4 2141 9382 5542 
5 1111 15350 
2 2333 12727 
5 1697 3211 
5 211 24788 
5 1934 27461 
3 741 27207 14943 
3 965 1915 6231 
2 2509 14408 
2 1335 17457 
5 2177 3039 
5 393 13849 
5 2483 12899 
4 2610 1629 9329 
1 684 892 718 
3 1848 10765 7112 
3 74 7039 19680 
3 1561 734 2349 
2 1638 5025 
2 290 224 
5 1797 13876 
4 2048 13476 16965 
3 2469 23422 13212 
4 2065 3996 2412 
4 621 314 6287 
3 1084 6816 17599 
4 1695 26533 23050 
4 1214 5746 6784 
4 1579 1599 21551 
3 692 4869 4945 
2 1621 24866 
3 910 18259 1025 
2 1230 12013 
5 2322 2968 
1 1129 7077 14818 
5 1327 14213 
3 2233 12122 20196 
1 2713 755 19442 
1 3 23563 16810 
4 1271 20070 24652 
1 568 15054 3598 
2 849 9235 
4 2792 25707 21839 
2 299 24362 
1 1630 16498 471 
3 1160 22819 1370 
4 1134 22393 17321 
1 1207 905 8089 
4 1555 16575 7924 
3 1729 15813 27339 
4 1411 23462 10765 
4 2243 4148 27225 
1 2128 18343 2833 
3 1727 2438 24240 
1 2351 25803 1812 
1 650 26434 19392 
3 1783 9266 15636 
2 1543 3647 
5 1474 22558 
3 2095 19399 7164 
2 2144 8677 
2 2672 2264 
3 1931 4873 19433 
3 2473 1683 273 
3 250 7083 27924 
1 1459 150 7071 
2 2752 25660 
3 528 26016 17627 
4 901 13654 5560 
1 1139 1502 13506 
3 1845 27859 25458 
3 2636 18158 18165 
1 1378 25649 13197 
4 1918 17509 18229 
4 1097 2174 6020 
4 174 2230 1930 
2 1149 3409 
2 354 15689 
3 738 27238 5531 
5 1257 16550 
2 2567 10334 
3 1495 25380 5552 
3 1469 2600 3596 
2 1596 9303 
5 1591 2326 
4 626 18277 2584 
1 1912 24612 16296 
5 1555 4074 
5 2134 13337 
3 2047 19116 3862 
1 319 11731 3475 
1 22 10830 15423 
5 2238 4958 
4 1681 5755 22255 
5 304 3530 
2 1323 27171 
3 523 15966 23013 
5 1956 13287 
1 2768 5191 16704 
2 512 1375 
1 419 4101 10214 
3 2322 28276 24132 
4 1222 23249 4945 
2 699 12776 
4 1029 11075 9448 
5 1635 638 
1 2518 2674 3595 
1 1334 3583 20759 
1 2202 26990 10589 
1 496 7568 194 
3 625 24878 23474 
2 1839 20746 
2 2532 19368 
1 1704 2704 24249 
1 2013 19597 19339 
2 2473 24807 
3 988 535 5673 
5 2148 5770 
5 226 22152 
5 483 24910 
1 927 25161 2930 
2 1299 1305 
4 1441 15753 7606 
1 1738 11308 1999 
1 406 23676 23792 
2 1251 3376 
4 253 24452 8829 
3 1240 17769 12850 
5 1963 3788 
2 2446 3841 
2 1754 20612 
1 892 3582 11141 
3 709 1608 24736 
1 301 26738 20429 
3 451 14728 3618 
4 2435 20702 16979 
5 346 6577 
4 1175 26696 5831 
4 2373 11015 4354 
4 891 204 5172 
5 1133 1806 
4 1655 27589 7409 
2 977 26089 
2 1769 13413 
5 1371 10580 
3 633 19977 4026 
4 2060 15878 9261 
2 1141 19581 
4 1666 1167 20156 
1 1925 16701 18396 
3 2190 16089 23456 
4 176 13388 26783 
3 177 7022 3494 
1 608 20342 7768 
2 1603 109 
3 2209 8521 23173 
5 1652 3189 
3 1770 27782 11000 
1 2799 27096 10864 
5 2372 6584 
5 46 23935 
4 509 25254 16696 
5 1908 3972 
3 773 8273 21781 
4 2883 2760 2826 
2 1762 26650 
2 2385 24049 
5 2586 6623 
4 1229 20466 14570 
3 726 22116 20862 
3 1470 14659 20187 
1 1256 13196 1554 
2 2441 587 
1 2731 22865 12278 
3 1170 26914 18128 
1 2621 4077 1510 
4 84 12966 199 
4 2240 5561 3743 
1 108 13901 21421 
4 1160 18629 20599 
1 1034 141 25241 
3 117 1299 18773 
4 1996 14355 21000 
1 2419 12568 1624 
1 2440 4672 27223 
1 1283 6719 3667 
5 1704 6054 
5 1695 3990 
5 2064 9925 
4 2646 10638 4151 
2 2337 14424 
2 2865 12663 
3 1200 22300 10607 
1 1236 21228 16269 
5 2867 25389 
1 575 18186 13350 
1 606 21498 21663 
5 2228 971 
4 2723 11226 7838 
3 1802 4839 17245 
5 2316 16538 
4 2555 13305 10407 
3 677 26647 6473 
1 2414 26746 14644 
2 1653 18821 
5 2773 2755 
2 249 11478 
4 709 13029 3848 
4 2632 4842 19494 
5 625 25797 
3 247 4213 23820 
2 733 28006 
5 161 413 
1 17 21039 2689 
5 1154 14175 
4 1769 2836 1361 
1 1672 27671 2548 
2 1479 5705 
3 2255 17825 19985 
5 2324 12231 
3 1508 444 25856 
2 2809 23310 
2 1698 7893 
3 1147 21244 6095 
5 1591 10752 
2 285 1108 
5 721 5399 
4 1923 18052 6302 
2 2864 27302 
3 2336 3615 9900 
3 256 86 6566 
2 1481 23464 
5 2805 1261 
1 875 26870 2540 
4 238 23250 17609 
4 890 15568 15354 
5 168 21368 
3 757 20910 10787 
1 1700 21203 2061 
4 2640 4000 15275 
5 186 3175 
1 2438 12578 7186 
5 2372 14263 
3 639 4502 26279 
1 2616 14373 3158 
4 1728 23279 9419 
5 1805 17349 
1 1967 16335 23786 
1 363 3111 6426 
5 1195 13335 
1 1331 12660 22610 
1 549 12321 663 
5 2178 15260 
4 272 1918 14918 
2 2277 4779 
2 2110 994 
2 1209 22232 
1 2810 5362 4014 
5 925 25387 
4 2071 20348 184 
3 2180 10742 16758 
2 46 1938 
5 1818 382 
4 989 21987 23658 
5 369 1812 
3 1058 19627 20304 
1 2972 7129 17090 
4 1109 26648 15169 
3 1775 21668 12837 
5 702 15668 
2 499 1847 
2 2321 21838 
5 1647 24703 
3 1132 2663 2841 
5 883 12121 
5 386 17290 
5 2607 2170 
1 978 2275 5755 
1 1174 14495 505 
1 355 962 2986 
5 2355 9777 
1 1220 14394 3240 
3 2315 7312 7665 
1 2340 16349 16682 
1 1637 4876 3050 
4 2062 15801 21869 
2 1434 22934 
2 904 11825 
4 1041 16272 1180 
4 817 2471 5877 
3 440 3627 14807 
1 2969 15684 16916 
2 1767 21585 
4 1857 664 3127 
5 1852 12296 
4 1541 17453 24315 
3 1342 2161 17330 
5 3047 23974 
4 36 28248 3212 
4 613 5524 294 
4 41 15837 27527 
2 1414 769 
2 2276 24098 
4 1945 27612 3556 
2 648 6701 
1 1388 18927 4234 
2 959 21950 
2 18 12328 
3 688 6116 21123 
5 1708 12660 
2 245 17047 
2 1083 18443 
2 57 8361 
3 2043 10382 11333 
5 2284 26823 
1 245 23084 27204 
4 2244 9723 1869 
1 1774 5411 5969 
1 2696 3039 20593 
1 454 4334 25155 
5 175 10983 
2 2927 27642 
4 638 6848 25029 
4 2516 2737 15895 
5 1607 9781 
2 2383 26 
4 1571 2762 3367 
5 273 16782 
3 507 14544 16331 
2 2462 1281 
3 664 5603 6222 
2 1856 3057 
2 717 16842 
3 1569 6257 5603 
1 1339 7101 7812 
3 2103 2942 5616 
5 2628 7535 
4 1220 21823 526 
3 1 3263 19258 
2 2491 26906 
2 1095 15422 
3 2830 133 21773 
5 2168 23459 
1 301 23777 693 
2 1325 23656 
3 1523 7065 298 
4 2241 636 3002 
2 2526 21988 
3 749 6525 1701 
1 1284 19472 14469 
1 2065 1958 4838 
2 818 13459 
4 1419 3767 7236 
2 903 22137 
1 2983 21094 7447 
1 1581 14619 15382 
5 458 4892 
4 1399 11576 1516 
1 700 3256 16369 
4 2801 17726 8111 
5 372 28102 
5 1179 2395 
2 1630 19273 
3 2778 2946 28053 
5 845 26530 
5 1788 2842 
2 1391 2926 
2 1204 8647 
5 2620 8394 
4 2009 20504 4441 
4 3041 6395 15675 
2 63 12313 
1 908 8327 24940 
1 57 3871 23509 
4 3142 24687 15875 
5 2069 3252 
1 154 12069 22710 
5 46 3088 
1 761 14566 5622 
2 1545 485 
1 47 27707 24394 
1 335 2616 2995 
4 1654 7449 21701 
2 1610 737 
2 2979 18642 
4 188 19938 2915 
1 1263 17986 27033 
3 2432 23815 13850 
1 1826 22216 24573 
1 901 11846 398 
5 1316 17906 
2 33 17329 
2 2115 25945 
4 263 2807 4979 
3 1907 2791 23115 
2 717 3147 
5 1047 17345 
5 2818 19650 
1 257 14162 12887 
4 702 402 20769 
2 2829 650 
3 71 15187 10582 
2 374 21260 
4 635 11670 20393 
2 54 11194 
5 2508 14442 
5 1763 16937 
2 1571 20770 
1 509 28171 3153 
5 1758 22931 
1 1732 2307 13157 
1 2833 19607 16496 
3 787 10722 26526 
4 2267 12125 5209 
1 854 20753 8782 
2 1602 15092 
1 64 16056 7541 
5 2236 8886 
1 691 25497 6930 
5 341 20056 
5 1889 7799 
2 1032 16589 
3 1870 830 13807 
3 2538 21404 16482 
1 2120 1080 21804 
5 2934 12605 
5 592 672 
1 1217 3329 9519 
5 2234 2060 
1 1928 26418 275 
3 2861 10529 25776 
4 2336 7064 14981 
5 2522 829 
3 2373 18201 20740 
4 2902 17581 23014 
3 1566 21294 11920 
1 2391 20722 20492 
4 2442 16640 5721 
1 3163 9516 12805 
5 2229 17284 
1 198 1388 23275 
3 1926 1751 2820 
3 59 28220 1033 
1 374 1981 19869 
2 725 20964 
3 1981 11493 26786 
2 922 9182 
4 2741 28321 26619 
4 909 14025 3461 
1 2193 9189 25258 
5 1796 25651 
5 1980 19314 
4 1086 16125 18744 
2 375 22229 
3 511 13752 13318 
2 3032 16779 
4 922 13854 11466 
1 1053 4002 7057 
4 144 20337 2709 
4 1153 218 13976 
2 2669 8134 
5 1816 7881 
2 457 874 
2 566 15919 
5 63 10002 
3 81 5856 9124 
4 2624 11012 3633 
2 598 13152 
3 1143 22752 23174 
1 2681 22546 5446 
3 2208 21039 3021 
4 266 19559 3695 
4 3025 23855 17430 
1 402 17978 11377 
2 1547 27301 
3 532 4478 1577 
1 1619 27527 17463 
1 3111 5881 27159 
4 1531 1392 24306 
2 2705 2387 
3 1180 26195 6186 
3 2588 5848 5794 
1 2937 12649 21054 
3 85 28430 1902 
5 161 15203 
4 2976 18381 5867 
3 2982 9321 1117 
2 549 7944 
3 2575 2289 2333 
3 1027 20197 4490 
4 391 25046 23234 
5 1749 25447 
2 2032 6184 
3 3211 26025 3345 
5 1365 16512 
4 428 24108 3740 
4 143 25659 10875 
2 1927 3597 
3 2691 3064 15355 
2 894 7436 
1 343 437 11575 
2 113 7896 
2 1786 17409 
5 485 1495 
1 2583 7951 15131 
3 2490 27329 11084 
3 910 5044 23258 
3 186 21607 9370 
2 1552 21778 
3 868 5474 27101 
5 965 10191 
5 449 9876 
5 2594 17345 
5 2552 16052 
1 1786 7816 6968 
5 2173 3056 
2 2895 6168 
4 1256 8496 12366 
2 1006 289 
3 2092 9663 22033 
1 984 1030 106 
5 1906 21027 
2 2408 13031 
4 408 8108 12265 
4 2293 3795 18562 
5 881 16398 
2 1309 23428 
2 1361 12079 
5 2162 21831 
2 2125 12050 
5 2557 19142 
2 880 19612 
1 2698 14012 16490 
1 1870 11245 8033 
5 1965 11118 
1 1540 3618 13507 
1 1001 9342 1181 
2 1600 19398 
5 67 25585 
1 2816 5351 15027 
5 1370 988 
4 3305 2130 23116 
3 483 23323 7139 
3 2178 10174 409 
2 3256 21225 
4 1757 23615 10976 
5 1174 10657 
3 1544 27598 7526 
5 1166 21697 
4 2728 6475 6051 
4 433 26129 28464 
4 1563 22158 12775 
5 2695 485 
3 2921 19459 19485 
3 1320 12840 8730 
5 2859 27761 
3 1110 6692 9962 
5 322 24665 
4 1362 19419 16582 
4 3234 782 12027 
3 707 8333 6106 
2 1227 23708 
1 1409 3126 28139 
1 1215 5385 117 
4 1543 20472 1026 
5 2558 5849 
3 360 9990 22615 
4 2470 6125 20200 
3 1616 3499 9216 
2 1482 4105 
1 1336 6853 14645 
4 2677 13833 17854 
4 3140 3428 4685 
1 1146 456 21760 
4 1640 25632 19574 
2 2009 4808 
1 969 20093 766 
1 2548 27806 13126 
3 970 28213 7114 
2 752 17896 
3 2505 4093 18219 
3 3058 19903 2987 
3 2480 8813 18413 
3 1781 25855 21298 
1 2839 23088 26271 
4 68 10998 22426 
1 1079 27644 20855 
2 2542 14675 
1 937 24298 14949 
1 834 24675 8746 
5 1307 24883 
5 2172 465 
4 2409 19237 3049 
1 2782 11452 27539 
4 727 12355 17657 
1 144 6502 14632 
2 1700 15039 
5 43 3427 
5 1490 22359 
3 1678 19431 28075 
4 2430 14150 639 
1 2342 6984 26419 
3 796 18169 12959 
4 564 14545 15211 
1 753 17872 18027 
3 660 14030 28139 
4 2076 20492 23281 
5 2017 1989 
5 254 2681 
4 2584 2899 25595 
4 910 5513 24586 
4 266 12251 25019 
2 703 21730 
3 807 5908 2868 
4 2251 26672 3745 
5 1666 11706 
2 1528 15891 
1 1022 21430 7214 
5 1768 26735 
3 1605 5391 19914 
3 2976 12911 26650 
1 826 20085 6680 
1 566 3386 27082 
5 2177 8368 
2 1754 17977 
3 2553 158 13553 
3 2716 4083 5829 
2 960 2181 
2 1075 27303 
2 3271 1236 
5 49 19988 
4 2813 6546 2953 
1 3108 16674 18025 
1 389 8379 20214 
3 883 8790 1558 
1 3188 20001 4879 
2 126 20179 
1 160 26855 4156 
4 1076 14343 11296 
2 3156 4635 
4 2338 8656 14109 
3 988 12086 21179 
1 3027 101 18358 
3 602 23423 19080 
1 3214 9061 3913 
1 2296 2441 3795 
3 49 18096 10021 
2 2151 20403 
2 1132 19728 
2 3291 20391 
1 2559 4376 22285 
1 904 21261 9711 
3 3411 18972 7775 
1 184 18776 7221 
1 847 14003 22441 
3 1783 5479 22049 
1 1446 3989 23879 
4 1805 17196 7263 
5 3085 22029 
3 2660 6104 5485 
1 1631 10864 9338 
4 3033 2875 3832 
5 1108 16002 
5 1845 1404 
4 2486 13187 16 
3 662 18918 22505 
1 2198 6554 26234 
5 3189 3906 
2 3241 7581 
5 2677 13195 
5 839 27867 
4 460 26710 22527 
5 2247 27976 
1 1345 22138 12808 
5 3225 23751 
1 806 14464 3127 
2 1530 12099 
1 116 5864 3406 
1 2331 864 14409 
4 2377 4383 3360 
4 2875 2722 22986 
1 2278 3758 24087 
4 2030 25344 18533 
3 2622 26706 14172 
4 202 2259 987 
3 1306 7747 26417 
4 36 18882 20881 
1 951 17811 1216 
1 2541 1055 18193 
5 467 16445 
3 1021 3532 25264 
2 1007 16409 
2 3456 20604 
1 3327 16202 15726 
5 860 20777 
1 1595 12491 15434 
5 3239 3702 
5 2183 15912 
4 2400 27444 5393 
2 51 1003 
5 198 3603 
5 717 2884 
1 1872 13515 25185 
3 2385 27218 21861 
2 261 504 
3 2033 9979 12628 
1 756 10746 4562 
3 1453 26291 10269 
5 210 7355 
3 2114 14314 20304 
3 2548 5857 3645 
3 111 11857 17918 
3 2621 2256 23333 
1 2554 11700 5372 
4 1881 4555 7020 
1 1408 77 3101 
1 394 4110 27359 
4 3062 2479 512 
2 1725 23993 
5 744 868 
3 2676 24494 3231 
2 349 14003 
1 702 16063 10042 
5 3351 13873 
3 2340 12851 21948 
4 1091 4086 3688 
3 1545 3108 18727 
5 1353 1483 
3 204 3910 27545 
2 2097 2001 
4 1212 6320 23784 
5 2946 10829 
1 934 6673 19247 
4 1439 20950 27341 
2 854 3102 
5 3378 20566 
2 2947 21878 
5 748 15541 
4 1726 14784 3234 
1 371 26176 15803 
1 3197 16042 4522 
4 2973 15059 1534 
1 1012 8884 2748 
1 674 15560 7586 
4 984 15286 27162 
4 2360 12080 23065 
2 2793 3282 
3 146 11866 8176 
5 1133 1655 
5 1798 2911 
5 7 24735 
5 2319 3925 
2 830 1870 
5 2268 12511 
1 2866 2729 22181 
4 1985 24208 7371 
5 1297 2123 
3 839 16193 13210 
1 1584 24828 16869 
3 1023 9761 23007 
1 1833 12251 25110 
2 1087 15900 
5 1854 5153 
4 304 25095 26559 
5 1523 17586 
4 2337 12524 2364 
1 129 16318 10874 
4 1310 20242 1413 
3 3507 12719 18436 
1 1762 24530 25902 
5 911 16910 
1 1490 22480 7766 
4 2967 15686 23385 
1 309 6763 3598 
1 1592 11749 1423 
5 478 8181 
5 1450 9215 
3 1356 11470 24753 
5 3072 19106 
1 1950 22357 2305 
5 1296 17202 
1 1240 24848 3505 
5 912 7477 
4 2991 1846 20168 
1 622 19053 4068 
4 243 21493 15427 
4 56 14356 22107 
2 1196 11184 
1 1053 27358 27074 
1 388 28086 3335 
4 1252 22278 12793 
4 769 4158 1460 
3 3427 13520 8414 
2 2408 17180 
5 3559 21258 
4 206 21432 23330 
1 589 21149 17288 
1 3251 3629 6406 
4 794 9209 3072 
1 3224 7041 25605 
3 1326 9625 20900 
5 3501 27409 
2 1436 502 
4 3507 3860 2702 
3 1611 3605 5075 
2 2579 568 
3 1771 773 15384 
2 2759 15029 
1 1567 1097 27321 
3 2486 9494 12987 
5 1461 7390 
3 1864 20177 24205 
2 670 1581 
2 3424 9771 
4 3150 19361 8280 
4 1048 1899 15836 
3 2012 2837 25586 
4 835 9653 585 
3 2985 15305 3568 
3 1647 727 16454 
4 1382 7953 13523 
5 2377 3043 
3 823 3256 895 
5 487 3103 
2 451 18936 
4 2995 13334 8282 
2 1558 18450 
3 2499 10355 4213 
4 319 21943 2230 
1 2269 12078 22493 
4 3334 1454 206 
1 3434 11488 5175 
1 1992 15741 743 
2 1132 16247 
2 99 11990 
5 103 13718 
5 14 12796 
5 104 3919 
1 2965 8986 13081 
2 2363 2017 
2 2844 3974 
1 809 6992 22632 
2 423 3024 
2 1086 1226 
4 815 22327 23533 
1 3149 3724 12097 
4 2361 1891 26021 
1 819 21870 8061 
1 3513 8998 1356 
4 247 11198 25734 
1 2992 4118 3743 
1 595 16280 11880 
1 3144 26720 1947 
5 582 12959 
4 919 427 19265 
3 3187 14819 461 
4 1537 223 3652 
3 1530 27030 19952 
2 2083 710 
4 2541 17830 27929 
5 1425 13819 
2 1129 2906 
4 2913 1824 1308 
4 2426 16225 25309 
2 3515 13311 
3 2900 1790 16553 
4 1755 1176 701 
1 1020 12892 28328 
2 1259 7141 
4 186 13554 3476 
1 373 11298 307 
2 2219 164 
5 1971 7513 
1 1248 19404 8708 
4 2291 15040 24215 
1 3213 23752 561 
3 1911 4305 10744 
3 35 18611 25496 
1 3102 22360 11178 
2 2285 27169 
3 3080 7276 12677 
3 3145 17352 3507 
3 1290 2298 19995 
2 1292 11926 
4 3074 13220 13424 
3 1708 23508 221 
3 684 17223 18598 
1 362 12356 18862 
3 3010 2824 22587 
1 3355 686 2883 
5 857 1660 
5 3309 23587 
5 2504 15732 
2 2728 8199 
3 1610 19078 20588 
5 2995 24246 
2 3268 1564 
5 2603 7996 
2 3623 11860 
1 3459 15955 14637 
3 3424 26681 3886 
3 2040 28404 19608 
3 2902 239 4244 
5 1259 8557 
1 2829 20240 3176 
1 2817 573 26912 
5 2042 11373 
5 558 10418 
4 2900 933 6827 
2 864 1474 
1 2466 2764 20383 
4 1401 2059 728 
1 1256 19984 15943 
2 286 16963 
3 1526 9200 12840 
1 3477 15959 8163 
4 2177 22211 14331 
3 3485 2600 21598 
4 460 27290 12453 
3 717 11290 13210 
3 2155 5040 686 
3 42 23738 20081 
4 3132 2179 23285 
5 2109 19479 
5 1681 22289 
2 2938 5012 
1 3322 1566 10927 
1 1231 6409 6592 
3 1394 21995 25057 
1 616 25259 19951 
1 699 12357 13444 
4 1569 1736 5669 
3 1920 767 27581 
2 2625 5060 
1 3625 14703 446 
1 292 27435 12415 
4 2265 10879 17929 
4 1733 19285 10675 
1 2473 4073 27590 
5 1747 26818 
3 1487 1685 3512 
3 3304 17271 6869 
5 766 440 
5 2721 27307 
2 3504 6032 
2 3047 24980 
2 1121 24654 
2 1174 2723 
3 1886 2483 4774 
1 56 20820 9078 
5 2009 19435 
5 3232 22544 
3 95 9758 15220 
2 352 20540 
5 1451 4080 
3 805 12228 25267 
2 1608 25824 
5 2161 15288 
2 1344 3648 
1 74 21309 17859 
3 501 7486 2085 
3 663 11479 2726 
5 3409 1272 
5 1550 23200 
2 2385 3018 
2 2944 1191 
5 2547 16292 
1 1763 11433 5353 
3 622 26672 945 
2 1975 9483 
5 2889 3909 
4 928 2473 17782 
3 1780 20251 27684 
3 1206 2011 1778 
1 1094 28120 20848 
2 451 2309 
2 1838 14810 
5 921 387 
5 3722 27611 
3 1514 4113 3472 
3 1043 936 8091 
2 932 9968 
1 320 7676 5873 
4 1610 387 9239 
5 1041 2279 
5 771 7051 
4 2729 13847 7910 
5 2469 722 
5 1854 24987 
1 605 1931 2994 
5 1497 16797 
5 1770 60 
4 3612 3786 27172 
4 1997 8804 5774 
5 1936 22511 
3 1737 6801 7567 
4 510 2793 25310 
1 2560 17238 6221 
2 1252 15103 
1 469 1410 8909 
5 1142 3118 
4 3412 4016 2358 
3 3260 21700 4160 
1 793 21986 719 
2 2155 6581 
1 2626 6056 1913 
1 22 16655 3382 
5 733 1655 
4 2280 10086 4252 
1 3769 627 912 
3 1553 16888 26867 
2 377 25331 
4 1556 28209 8020 
5 2376 28478 
1 1153 6722 14919 
5 579 27422 
3 1952 4202 17063 
5 3773 18161 
3 1014 8771 6674 
4 535 15678 239 
3 2079 14821 1729 
2 748 23745 
2 416 28481 
5 1747 8154 
1 748 7716 19302 
1 565 26613 230 
5 1361 26610 
2 1832 19976 
2 1806 1841 
4 2819 26880 1129 
5 597 1700 
4 741 2393 8294 
3 2370 25351 24721 
1 390 1734 22934 
4 1193 21951 3750 
5 2721 24591 
5 969 12937 
5 3215 25266 
2 2437 879 
3 3621 15561 11761 
5 3416 23676 
2 2069 26631 
4 2984 2934 2478 
3 3321 3657 20982 
1 2084 24150 18285 
4 2635 4933 20623 
2 1918 4521 
1 3318 7459 15865 
4 2842 18433 10377 
1 1520 6156 13752 
3 2816 15228 5739 
1 3329 12751 9403 
4 3287 1408 2466 
5 97 12986 
1 1385 19062 3766 
3 1601 9103 5579 
1 1089 12917 11304 
3 451 25186 19768 
4 734 19632 19393 
1 3000 1955 22248 
2 1539 14123 
5 785 4088 
1 777 14254 24650 
3 913 5999 20774 
4 595 1461 16742 
1 2428 17941 8600 
2 461 13684 
3 36 837 26234 
1 237 24586 25156 
3 1671 13650 24921 
3 3522 2808 4320 
2 1553 3145 
2 610 4169 
3 1756 11961 3335 
1 1545 22956 16107 
2 2881 23962 
1 1767 2221 27321 
1 1163 18475 2994 
4 2804 3842 16690 
3 483 338 4984 
2 2605 12046 
5 2798 10365 
1 1004 1706 545 
3 2471 3600 23683 
3 2873 5979 20523 
3 131 11704 4230 
5 3649 6259 
3 1143 16197 11988 
2 2545 22734 
5 1984 3082 
3 167 12647 3069 
1 1784 7733 6467 
4 685 688 11856 
2 3236 3156 
2 2753 220 
5 925 22654 
5 1861 6849 
1 2328 18858 8524 
3 224 8833 16325 
1 166 2283 11441 
1 886 26942 11822 
3 1387 652 28200 
1 1065 2853 24272 
1 210 12163 17226 
5 3231 1684 
4 1555 13243 5228 
5 1981 5724 
4 1725 21430 17030 
3 2362 25978 24977 
4 1699 22970 24803 
5 2009 11194 
5 3118 3186 
2 3775 1478 
2 3118 11087 
2 1262 9908 
5 859 27906 
1 3396 20788 396 
3 642 2460 8817 
1 1026 20007 5947 
3 3145 28384 19873 
1 3298 6735 13720 
3 2639 26946 7496 
2 940 22477 
1 229 17075 20367 
2 3272 25994 
4 2866 15585 27639 
5 589 28227 
5 1047 22317 
3 3650 19742 2577 
1 347 549 11599 
5 2313 16765 
3 154 6531 1762 
1 1037 13658 21760 
5 441 304 
1 2813 27411 7354 
1 1821 28350 1470 
3 258 23699 17426 
5 673 25603 
3 2060 10183 3569 
5 2936 2041 
1 2521 1130 3637 
4 1463 22971 2189 
5 2765 23478 
1 433 23651 2280 
5 862 5770 
4 3145 15685 3171 
4 788 1128 8315 
2 3561 24084 
5 1850 1089 
2 2143 11411 
4 2546 21190 10825 
5 624 4320 
4 426 17176 15642 
3 3090 4296 10922 
4 584 17487 9453 
1 1642 26517 4419 
3 331 20856 25376 
2 3871 22451 
3 3245 22644 22532 
4 2512 21838 23694 
4 3848 16401 24444 
5 1553 23504 
4 2191 24528 18328 
2 1566 169 
1 362 21657 28468 
2 2168 20537 
3 3024 444 164 
2 2941 18521 
2 2228 4795 
2 1397 14622 
2 2516 3852 
3 1735 16077 14683 
2 3581 14987 
2 319 8068 
1 1160 28192 3094 
3 1955 12677 22570 
1 3284 12502 1211 
4 2486 27696 16682 
4 3642 6012 25453 
3 2572 20281 8676 
1 1928 2684 8414 
4 2924 28212 2257 
2 1856 26035 
5 940 17001 
2 3106 16408 
4 2261 14734 3493 
3 3377 11010 3329 
3 693 18821 18825 
1 2016 14766 14093 
2 2740 22001 
3 2087 1351 1925 
5 3707 22261 
3 3591 3026 4296 
4 797 2883 475 
2 3292 7244 
5 714 26721 
4 203 121 554 
4 730 826 16888 
3 1247 25732 1335 
4 24 15366 25236 
1 2155 806 13652 
5 533 946 
5 1457 1901 
1 3042 14136 7067 
4 2123 21076 21179 
4 3675 10330 22216 
1 2839 14056 17333 
1 3544 1601 18608 
4 2983 906 28328 
2 3486 26634 
3 471 13327 6223 
3 3671 25555 14432 
5 386 1703 
1 3574 27727 5586 
1 2889 6383 6729 
2 3410 25034 
3 2268 26134 4006 
4 1531 23336 2147 
3 2378 3771 19996 
1 1363 20074 4414 
4 557 16393 8348 
3 1944 14334 21614 
2 1036 920 
2 223 251 
3 1615 10939 21485 
5 1242 15101 
3 3851 19346 10677 
4 1114 21163 4206 
4 1838 26388 16823 
4 1033 15257 15745 
4 3128 8276 17608 
5 1029 8295 
3 1057 190 10225 
3 405 2468 17978 
3 3102 2719 24625 
4 3588 249 26393 
2 3280 27181 
5 2239 8404 
1 1134 12953 20940 
2 1006 1264 
1 2617 18828 2994 
3 1417 14492 20852 
2 1986 3803 
4 3692 19365 10867 
4 2154 81 2254 
1 1802 7532 16485 
4 3710 136 390 
4 717 295 4881 
3 1982 18712 21548 
2 2230 1471 
1 750 11291 2910 
3 749 17087 15763 
4 481 2579 24866 
5 1852 24760 
3 1235 23069 24622 
4 3469 4104 21921 
3 3425 3841 15622 
3 1291 7008 798 
2 1401 492 
1 3290 318 24389 
4 367 26492 1846 
5 2343 23981 
2 212 20687 
3 939 3008 27381 
2 3565 7390 
3 3013 11130 7091 
1 111 3937 14885 
3 3037 19716 9244 
3 2720 2164 27299 
2 2473 890 
5 3355 4191 
5 1500 24834 
1 168 2105 1227 
1 1448 28125 27798 
1 1352 3670 26542 
2 3519 1454 
4 2334 11876 3037 
4 102 15853 14305 
5 2884 2470 
4 2891 3209 9681 
4 688 6903 2237 
1 1826 11405 21506 
1 914 4532 2157 
3 113 11673 5279 
5 3702 2086 
1 699 10 15408 
5 3804 20211 
3 3389 25893 12230 
3 3813 12673 15509 
5 2355 750 
4 2928 10686 22463 
3 2547 703 18386 
1 730 15724 5827 
5 502 2331 
5 280 7152 
4 62 13533 6408 
2 1592 12599 
2 567 13286 
4 2889 3166 1548 
2 2227 2984 
2 60 27674 
1 2178 18612 10690 
2 3611 4353 
2 3865 28229 
4 3929 2724 7342 
5 1201 9465 
2 1670 5800 
3 2374 28141 1307 
1 1952 3089 18022 
2 152 393 
4 3983 15583 2121 
5 3147 10982 
3 35 1105 1665 
4 2636 5000 3977 
4 3120 2524 7761 
1 1357 19830 26911 
4 1547 16142 13719 
3 3129 11042 988 
2 585 5427 
4 57 4079 16877 
4 1158 24981 2567 
5 1598 1327 
5 359 20807 
4 2110 791 19438 
4 2331 12611 21834 
5 3654 12554 
4 975 5698 21877 
2 1903 6125 
3 2427 16499 5990 
5 140 873 
2 1704 12499 
3 1782 988 10687 
3 2892 1512 200 
3 1752 502 1742 
2 766 12010 
3 2968 26799 22814 
1 2831 2988 8967 
4 2330 26238 14290 
2 3377 2100 
5 1548 25020 
4 2498 24941 3645 
3 3736 11700 1561 
2 4034 4844 
5 3997 2326 
4 1658 19249 9161 
4 132 9618 27783 
2 1152 23804 
2 1474 15097 
5 1210 1469 
3 661 7068 8539 
1 1841 27579 96 
5 3095 5035 
1 2757 2898 6800 
1 2612 14992 24350 
5 3551 4877 
1 2838 8967 3424 
4 2925 3205 11209 
3 3834 26622 26120 
4 1680 14523 18141 
5 1914 19228 
5 2556 1812 
1 3529 26278 12102 
2 1938 14532 
5 3953 21166 
4 2706 14047 6989 
3 3195 26057 38 
4 3146 3838 3689 
1 452 9474 14220 
3 1570 22108 19458 
2 1542 865 
5 154 13318 
2 1575 25188 
5 552 1981 
2 1898 18401 
4 372 8343 16046 
5 3538 26162 
4 2695 15566 2472 
5 1390 27174 
3 1940 3686 13528 
2 4067 15113 
2 1586 10402 
2 366 12779 
5 2103 5785 
4 38 20633 17154 
5 622 25378 
5 2787 815 
3 1697 1069 37 
1 3097 24577 3608 
3 1529 3660 13364 
4 3166 7924 4362 
1 47 21752 24804 
1 2473 9233 959 
3 2456 26178 758 
4 4066 3692 3926 
5 333 12495 
4 2119 19281 1413 
1 2823 26033 21490 
2 1969 23819 
4 3383 12209 27564 
5 2955 1284 
4 511 20475 15137 
2 2708 4651 
2 3883 26103 
2 2408 6050 
5 341 3457 
2 1690 7459 
2 403 8993 
5 3361 2031 
3 3947 2213 5570 
1 3674 154 2559 
2 3859 22351 
5 2857 26784 
1 1783 15488 1588 
5 3209 26218 
2 2501 318 
2 1173 23 
2 3191 12514 
3 1509 3997 18137 
4 685 893 22744 
5 931 25270 
2 1873 2533 
5 289 4102 
2 3858 21948 
1 3098 3443 1755 
5 2856 2910 
2 1416 3302 
4 2819 18797 2581 
2 2444 19026 
5 1355 779 
1 936 3251 18745 
1 908 17783 16105 
1 3387 5292 25360 
4 89 4611 12297 
4 2611 17797 7746 
4 3035 15846 16182 
1 3099 10435 1179 
5 1548 16424 
2 3344 2329 
4 814 26849 18028 
5 653 28086 
2 3709 18913 
5 1963 9506 
1 3364 21288 9404 
4 3105 26876 3243 
2 1159 15199 
2 214 12179 
1 3258 1587 1382 
1 4050 19140 13914 
3 3606 5394 23514 
2 2011 6808 
1 2518 27608 21873 
2 3089 20435 
1 69 360 9832 
4 3810 2555 3264 
1 3839 9512 19415 
2 4088 504 
2 656 26779 
5 3258 12895 
5 952 1707 
3 102 6416 4069 
1 2712 4591 12882 
3 1995 3623 4391 
4 177 1843 18696 
5 3478 2463 
1 3721 714 3796 
1 3029 544 2262 
1 2234 21538 949 
1 3642 14152 21163 
1 3168 5769 25831 
1 1904 19661 19971 
4 925 15200 13359 
2 2922 27732 
1 2877 11116 13345 
2 1575 21064 
5 3044 11473 
4 3933 2627 6831 
3 2371 9932 13272 
1 2266 18721 20394 
4 3930 16624 13769 
2 3682 22040 
1 348 3717 8907 
3 1105 6726 8348 
2 3932 650 
2 2329 15878 
5 124 17482 
2 3181 2513 
4 2779 25764 18118 
2 3687 14024 
1 3543 22865 16729 
5 3724 24442 
1 3627 4052 11897 
5 1040 27865 
1 3360 24407 20025 
1 3281 9425 99 
2 3165 12606 
2 2740 1508 
4 1291 10419 14161 
3 2257 7609 1331 
2 3016 11423 
1 843 1017 28412 
4 441 416 230 
2 3490 23137 
1 965 25560 12124 
3 1383 15071 329 
4 579 751 18819 
3 2675 11938 452 
4 462 10479 14547 
3 160 1531 2026 
2 355 13874 
1 2867 13866 78 
5 1694 5106 
3 1793 20160 12965 
1 2846 14466 22322 
2 2343 14622 
3 4277 8316 13246 
3 161 22392 4972 
3 3455 22008 1340 
1 1734 4533 619 
3 2349 3703 23931 
2 4088 14791 
2 3168 1338 
3 4253 19920 10914 
3 3687 310 23663 
4 4241 19352 26106 
3 3555 3464 6926 
4 1916 19428 20218 
2 4039 25680 
4 911 7592 25759 
3 3071 3585 15932 
3 623 24552 18632 
4 183 8453 22532 
2 1396 3090 
1 3714 103 18846 
2 2923 5146 
3 4024 3316 1041 
5 436 22262 
1 944 18041 3132 
5 606 26676 
3 647 10357 7521 
2 3661 28107 
5 1978 15936 
4 48 1656 11859 
4 2039 6984 19848 
5 600 733 
5 1663 14769 
2 314 12219 
5 156 24314 
4 996 345 13730 
1 589 966 6036 
5 2806 3578 
4 1080 19496 26981 
1 402 22571 20535 
5 2714 2588 
4 268 21256 17932 
1 2124 28017 669 
4 1899 11980 14951 
5 3835 21455 
1 3829 11423 5125 
3 2701 23201 14532 
3 470 17233 8288 
5 998 3326 
4 570 976 27151 
5 460 429 
2 1625 375 
4 3514 467 1257 
4 1655 7275 13769 
3 1734 9288 23524 
2 815 16557 
3 131 5819 484 
2 3370 935 
2 2316 17853 
1 560 26367 5275 
4 2045 20449 13865 
2 1792 3124 
5 3983 23601 
5 641 13205 
4 2123 6859 12424 
4 1919 5833 47 
5 1097 4653 
4 2163 22873 240 
5 495 4902 
3 3333 1241 729 
3 1278 23779 11026 
3 2742 24585 9652 
2 393 1755 
4 667 17057 23410 
4 4070 3599 10507 
4 3089 17809 3676 
3 1993 7218 16086 
5 3407 27475 
4 130 6866 12783 
4 4006 19847 6435 
3 3273 5591 8685 
1 1485 18448 24628 
1 790 2517 26376 
4 1557 17241 18988 
2 1091 19873 
2 505 21433 
5 3914 17653 
5 335 12300 
2 291 4317 
5 2684 7910 
1 1489 3197 13553 
2 2806 13704 
5 3145 8940 
3 952 20905 1001 
3 4007 22383 7837 
1 12 17402 179 
4 1170 11166 2447 
3 286 27025 13920 
1 3474 6654 998 
5 1206 2827 
2 631 17489 
3 3363 22680 3894 
5 1652 21880 
2 1803 26397 
1 292 1210 20065 
1 3756 15605 17114 
3 4058 2050 1528 
2 931 1953 
4 3287 23816 14202 
5 2453 16665 
1 679 491 10173 
2 1181 15513 
2 2966 24537 
4 3622 27503 2450 
3 954 643 2385 
5 182 23986 
1 1874 21252 12591 
4 4183 19892 9943 
2 3595 3963 
1 1188 22921 10584 
2 493 8775 
1 357 27225 12401 
1 3404 19315 212 
4 3603 14497 3761 
3 4303 23730 5972 
4 98 25077 13218 
3 4059 3908 25764 
3 3231 13889 18431 
5 1498 22240 
3 1629 19466 7206 
3 866 3858 5680 
4 1785 13981 21878 
2 121 22314 
1 3725 19008 11434 
1 1998 24372 727 
3 3856 27110 2175 
4 184 12015 19650 
1 353 1999 14674 
1 3604 4055 1359 
5 345 6214 
4 4237 17481 10162 
2 3111 1555 
2 3203 7833 
1 2312 11467 794 
2 2431 1788 
2 1261 10361 
1 753 9142 12056 
5 2707 20485 
4 725 6201 1112 
3 847 1122 23641 
3 3913 1085 10069 
5 3166 6680 
1 2267 918 26007 
3 1362 4965 3174 
2 3653 28167 
1 4268 11287 19948 
1 636 18135 5209 
1 4161 21997 16642 
2 1131 20066 
5 2170 18874 
1 4371 20926 1136 
2 1987 6614 
3 1778 14890 883 
3 3623 12356 16012 
4 1182 11663 14067 
4 3218 8162 3896 
4 1283 8484 2096 
2 4198 20251 
2 164 10863 
2 4335 2919 
5 1891 2708 
5 2515 23669 
2 783 5492 
5 4130 16580 
5 1951 3126 
4 1449 25959 16167 
4 3502 26336 22094 
1 448 22689 692 
2 3427 22231 
4 2001 27734 16277 
5 3507 12030 
3 1358 3824 3385 
5 1733 3692 
5 4311 19956 
3 1124 6032 19308 
3 857 6492 17697 
3 2113 26645 22695 
1 528 25945 24821 
4 2264 2126 26985 
4 3737 27702 21004 
1 2960 11588 2328 
2 1739 1966 
3 2915 3968 27908 
2 13 697 
5 633 8587 
5 4265 12313 
1 3582 11566 3213 
5 4136 12583 
4 547 26173 181 
3 276 25955 20791 
1 2917 10640 1532 
2 2472 8807 
5 1413 5279 
3 168 225 10241 
1 1749 17939 6760 
1 3318 2732 5251 
3 561 5241 27661 
2 2657 4221 
4 2960 1468 6477 
4 46 12119 12650 
4 1945 294 13962 
2 1232 227 
5 3775 14470 
1 1379 2904 4115 
5 2455 6014 
1 2119 670 23015 
5 512 5369 
5 3983 7290 
4 1172 657 23017 
1 1527 5646 8118 
1 716 3323 3752 
5 1033 19064 
4 3529 15956 188 
2 1118 10520 
1 1793 6991 3349 
3 1232 15447 26567 
2 375 27600 
1 3309 8154 17294 
4 1843 1439 17115 
2 128 1927 
2 372 707 
1 2620 14953 1151 
1 2713 9912 21734 
4 1301 4990 4129 
1 1357 25465 17440 
2 3442 21241 
1 1816 19550 27028 
3 1467 455 13338 
3 2009 5039 23244 
2 1543 12260 
3 2559 4516 5209 
1 4035 13877 24106 
3 4282 41 18907 
1 818 6814 18657 
5 3909 14968 
5 1395 520 
4 1344 3121 1052 
3 1525 11715 5507 
3 979 25434 11891 
4 4042 20399 3160 
4 1838 1446 9687 
4 2907 2434 26235 
4 4178 780 6744 
4 297 16315 15599 
5 2821 14280 
4 4286 1010 24895 
2 1569 23752 
5 4310 11815 
2 1630 12144 
3 293 16692 26623 
1 729 1375 25508 
4 899 3109 25549 
3 4266 7880 9588 
2 892 712 
3 1174 20455 2656 
5 3624 25941 
1 1191 22065 27448 
4 1491 13087 3336 
5 2868 7296 
4 458 13098 2152 
1 4358 28063 17297 
1 3214 27817 6314 
1 1065 22924 497 
1 1652 1405 6404 
4 3922 15018 14580 
5 3197 15179 
2 4539 21197 
1 3064 6878 19263 
3 3353 937 9870 
5 3936 2849 
5 1200 3553 
3 387 3360 12547 
5 1475 28046 
